timestamp actual_q_0 actual_q_1 actual_q_2 actual_q_3 actual_q_4 actual_q_5 actual_qd_0 actual_qd_1 actual_qd_2 actual_qd_3 actual_qd_4 actual_qd_5 actual_TCP_pose_0 actual_TCP_pose_1 actual_TCP_pose_2 actual_TCP_pose_3 actual_TCP_pose_4 actual_TCP_pose_5
4157.096 8.388957940042019e-05 -1.5708320776568812 2.384185791015625e-05 -1.5707600752459925 4.793690095539205e-05 8.388957940042019e-05 0.0 0.0 -0.0 0.0 0.0 0.0 0.002527737335513225 -0.3814003909216739 0.6941393865751516 1.5712600126974827 0.005235111744461381 0.005523453924122475
4157.103999999999 5.992112710373476e-05 -1.5708320776568812 8.392333984375e-05 -1.5707600752459925 8.388957940042019e-05 8.388957940042019e-05 0.0 0.0 -0.0 0.0 0.0 0.0 0.002510350423889948 -0.38140046509158987 0.6941394384816925 1.5712600496308666 0.005197350574783138 0.005580114727372478
4157.112 3.5952674807049334e-05 -1.5708320776568812 6.008148193359375e-05 -1.5707724730121058 7.190534961409867e-05 8.388957940042019e-05 0.0 0.0 -0.0 0.0 0.0 0.0 0.002506151399960771 -0.38140050851462726 0.6941394176166606 1.57126005276859 0.005197563056990953 0.005523396973984688
4157.12 5.992112710373476e-05 -1.5708444754229944 2.384185791015625e-05 -1.5707839171039026 4.793690095539205e-05 7.190534961409867e-05 0.0 0.0 -0.0 0.0 0.0 0.0 0.0025273503294235373 -0.38140043735366247 0.694139354183927 1.5712599811181331 0.005254164376549942 0.005466760990723707
4157.128 5.992112710373476e-05 -1.5708683172809046 6.008148193359375e-05 -1.5707600752459925 5.992112710373476e-05 4.793690095539205e-05 0.0 0.0 -0.0 0.0 0.0 0.0 0.00253066393330329 -0.3814004766707161 0.6941393246146282 1.5712600744791605 0.00525396198174721 0.005485845967278412
4157.1359999999995 4.793690095539205e-05 -1.5708320776568812 3.5762786865234375e-05 -1.5707600752459925 7.190534961409867e-05 2.3968450477696024e-05 0.0 0.0 -0.0 0.0 0.0 0.0 0.0025169184160720353 -0.38140045299363895 0.6941393971068689 1.5712598441707677 0.0052634014201991455 0.00547637471175256
4157.144 4.793690095539205e-05 -1.5708444754229944 3.5762786865234375e-05 -1.5707839171039026 5.992112710373476e-05 4.793690095539205e-05 0.0 0.0 -0.0 0.0 0.0 0.0 0.002522448651038688 -0.38140046133296246 0.6941393644964893 1.5712599125710704 0.005263631257452987 0.005457317456714485
4157.152 7.190534961409867e-05 -1.5708320776568812 4.8160552978515625e-05 -1.570796314870016 7.190534961409867e-05 4.793690095539205e-05 0.0 0.0 -0.0 0.0 0.0 0.0 0.002525450605820067 -0.38140038842628576 0.6941394067768181 1.5712597746182047 0.005282138318068854 0.005495301696072844
4157.16 7.190534961409867e-05 -1.5708320776568812 4.8160552978515625e-05 -1.5707481543170374 8.388957940042019e-05 3.5952674807049334e-05 0.0 0.0 -0.0 0.0 0.0 0.0 0.002524571088525159 -0.3814003936957881 0.6941394082814583 1.5712598680108008 0.00526313010173205 0.005533132969807955
4157.168 4.793690095539205e-05 -1.5708563963519495 8.392333984375e-05 -1.5707724730121058 5.992112710373476e-05 8.388957940042019e-05 0.0 0.0 -0.0 0.0 0.0 0.0 0.002513574742130404 -0.3814005320743582 0.694139375370163 1.5712601611714225 0.005197963125363251 0.005523033338470517
4157.1759999999995 7.190534961409867e-05 -1.5708563963519495 0.0 -1.5707724730121058 4.793690095539205e-05 5.992112710373476e-05 0.0 0.0 -0.0 0.0 0.0 0.0 0.002544520780999592 -0.3814003810872496 0.6941393030282509 1.5712599707050334 0.0052920820803711 0.005447646174359317
4157.184 4.793690095539205e-05 -1.5708683172809046 4.8160552978515625e-05 -1.5707600752459925 7.190534961409867e-05 9.58738019107841e-05 0.0 0.0 -0.0 0.0 0.0 0.0 0.002532872708027362 -0.38140046873381694 0.6941393144369902 1.5712602234444901 0.005225649986156665 0.005514125868401521
4157.192 5.992112710373476e-05 -1.5708683172809046 3.5762786865234375e-05 -1.5707724730121058 3.5952674807049334e-05 3.5952674807049334e-05 0.0 0.0 -0.0 0.0 0.0 0.0 0.0025325243585061436 -0.38140048143848393 0.6941393032602904 1.57126001338494 0.005273386457672542 0.005428745980954007
4157.2 4.793690095539205e-05 -1.5708683172809046 4.8160552978515625e-05 -1.5707839171039026 4.793690095539205e-05 7.190534961409867e-05 0.0 0.0 -0.0 0.0 0.0 0.0 0.002528455644610527 -0.3814004996065169 0.6941393137085959 1.5712601101478563 0.005244392992165752 0.005457743277181372
4157.208 3.5952674807049334e-05 -1.5708683172809046 9.584426879882812e-05 -1.5707600752459925 8.388957940042019e-05 4.793690095539205e-05 0.0 0.0 -0.0 0.0 0.0 0.0 0.0025173053461941416 -0.38140054044620736 0.6941393556694199 1.5712601097273655 0.005225879216258297 0.005513972575433061
4157.215999999999 2.3968450477696024e-05 -1.570808235798971 2.384185791015625e-05 -1.5707724730121058 8.388957940042019e-05 7.190534961409867e-05 0.0 0.0 -0.0 0.0 0.0 0.0 0.00250268407281593 -0.3814004682800845 0.6941394478592142 1.57125989341169 0.005216682950117077 0.005504229961039989
4157.224 5.992112710373476e-05 -1.5708563963519495 8.392333984375e-05 -1.5707724730121058 5.992112710373476e-05 7.190534961409867e-05 0.0 0.0 -0.0 0.0 0.0 0.0 0.0025181455321792584 -0.3814005019237277 0.694139375370163 1.5712600987650114 0.005216793464956987 0.00552303333561381
4157.232 7.190534961409867e-05 -1.5708563963519495 3.5762786865234375e-05 -1.5707600752459925 9.58738019107841e-05 2.3968450477696024e-05 0.0 0.0 -0.0 0.0 0.0 0.0 0.002545696011086635 -0.38140034683822155 0.6941393346687742 1.571259835328106 0.005320151975018329 0.005494935215414305
4157.24 7.190534961409867e-05 -1.5708320776568812 1.1920928955078125e-05 -1.5707724730121058 7.190534961409867e-05 8.388957940042019e-05 0.0 0.0 -0.0 0.0 0.0 0.0 0.0025342268847606667 -0.38140035334850936 0.6941393761744309 1.5712599366780053 0.005263606787602101 0.0055137720890242855
4157.248 7.190534961409867e-05 -1.5708444754229944 6.008148193359375e-05 -1.5707481543170374 4.793690095539205e-05 2.3968450477696024e-05 0.0 0.0 -0.0 0.0 0.0 0.0 0.002518065808980991 -0.38140047635389573 0.6941393859236967 1.5712599521571233 0.00524470552467036 0.005495102300270611
4157.255999999999 5.992112710373476e-05 -1.5708802382098597 6.008148193359375e-05 -1.5707600752459925 4.793690095539205e-05 5.992112710373476e-05 0.0 0.0 -0.0 0.0 0.0 0.0 0.002533903979101515 -0.38140049859034075 0.6941392937542962 1.5712601783481728 0.0052445040642199025 0.0054764770755099754
4157.264 8.388957940042019e-05 -1.5708563963519495 4.8160552978515625e-05 -1.5707481543170374 4.793690095539205e-05 5.992112710373476e-05 0.0 0.0 -0.0 0.0 0.0 0.0 0.002532656211266128 -0.3814004295487567 0.6941393451832953 1.5712600790439435 0.005244596290892527 0.0055140133186513795
4157.272 4.793690095539205e-05 -1.570820156727926 6.008148193359375e-05 -1.5707724730121058 8.388957940042019e-05 8.388957940042019e-05 0.0 0.0 -0.0 0.0 0.0 0.0 0.0025074821431558744 -0.381400456417166 0.6941394483705038 1.5712599666981517 0.0052070210383466965 0.005551587409168778
4157.28 4.793690095539205e-05 -1.5708563963519495 3.5762786865234375e-05 -1.5707481543170374 7.190534961409867e-05 8.388957940042019e-05 0.0 0.0 -0.0 0.0 0.0 0.0 0.0025290899544922665 -0.38140045924196486 0.6941393348139865 1.571260168302279 0.00522606619218365 0.005513693499581517
4157.288 5.992112710373476e-05 -1.5708444754229944 7.200241088867188e-05 -1.5707724730121058 5.992112710373476e-05 9.58738019107841e-05 0.0 0.0 -0.0 0.0 0.0 0.0 0.0025152363750909927 -0.38140048628168594 0.6941393957960734 1.571260126282024 0.005197954163968641 0.0055418457625216015
4157.295999999999 7.190534961409867e-05 -1.5708563963519495 4.8160552978515625e-05 -1.5707724730121058 5.992112710373476e-05 7.190534961409867e-05 0.0 0.0 -0.0 0.0 0.0 0.0 0.0025333820023081674 -0.3814004235866938 0.6941393447725765 1.571260039411575 0.005254276587636728 0.005504332325354552
4157.304 4.793690095539205e-05 -1.5708320776568812 2.384185791015625e-05 -1.5707724730121058 5.992112710373476e-05 7.190534961409867e-05 0.0 0.0 -0.0 0.0 0.0 0.0 0.0025183057447762634 -0.38140045221776325 0.694139386404642 1.5712599761250514 0.005235427782009534 0.005485492185203744
4157.312 4.793690095539205e-05 -1.5708563963519495 8.392333984375e-05 -1.5707839171039026 7.190534961409867e-05 5.992112710373476e-05 0.0 0.0 -0.0 0.0 0.0 0.0 0.002517774252917622 -0.38140050324504493 0.6941393752846542 1.5712600205288745 0.005235190757729343 0.005504642131202539
4157.32 4.793690095539205e-05 -1.570820156727926 4.8160552978515625e-05 -1.5707481543170374 7.190534961409867e-05 7.190534961409867e-05 0.0 0.0 -0.0 0.0 0.0 0.0 0.0025057407881201345 -0.3814004766955461 0.6941394385564292 1.5712600161345105 0.005197281517282359 0.005542487028703076
4157.3279999999995 3.5952674807049334e-05 -1.5708320776568812 3.5762786865234375e-05 -1.5707839171039026 5.992112710373476e-05 7.190534961409867e-05 0.0 0.0 -0.0 0.0 0.0 0.0 0.0025111549014048117 -0.38140049174766294 0.6941393963668588 1.5712599734806807 0.0052256461869598 0.005476464159606654
4157.336 3.5952674807049334e-05 -1.5708444754229944 4.8160552978515625e-05 -1.5707481543170374 4.793690095539205e-05 7.190534961409867e-05 0.0 0.0 -0.0 0.0 0.0 0.0 0.002507908667913698 -0.3814005507225492 0.6941393757876422 1.5712601676230593 0.005188155361488228 0.005495142477636975
4157.344 7.190534961409867e-05 -1.5708320776568812 6.008148193359375e-05 -1.5707839171039026 4.793690095539205e-05 8.388957940042019e-05 0.0 0.0 -0.0 0.0 0.0 0.0 0.0025143902661028264 -0.3814004562653128 0.6941394169798684 1.5712599947728045 0.005215982665018822 0.005523805072772595
4157.352 4.793690095539205e-05 -1.5708563963519495 4.8160552978515625e-05 -1.5707724730121058 7.190534961409867e-05 8.388957940042019e-05 0.0 0.0 -0.0 0.0 0.0 0.0 0.0025274647621619005 -0.38140046191947663 0.6941393448647654 1.5712601019571093 0.005235438831791357 0.005504339742396333
4157.36 5.992112710373476e-05 -1.5708444754229944 4.8160552978515625e-05 -1.5707724730121058 4.793690095539205e-05 4.793690095539205e-05 0.0 0.0 -0.0 0.0 0.0 0.0 0.0025191224921205088 -0.38140047655809906 0.694139375309468 1.5712599632684852 0.005244918882763952 0.0054760433065953774
4157.3679999999995 8.388957940042019e-05 -1.5708444754229944 6.008148193359375e-05 -1.5707600752459925 8.388957940042019e-05 7.190534961409867e-05 0.0 0.0 -0.0 0.0 0.0 0.0 0.0025333254171479294 -0.3814003721052072 0.6941393863348223 1.5712599832073728 0.005254047663894149 0.005561048374624381
4157.376 4.793690095539205e-05 -1.5708320776568812 6.008148193359375e-05 -1.5707839171039026 5.992112710373476e-05 8.388957940042019e-05 0.0 0.0 -0.0 0.0 0.0 0.0 0.0025084730264210396 -0.38140049418151784 0.6941394171519759 1.5712600163528614 0.005206560054121414 0.00551440171656752
4157.384 7.190534961409867e-05 -1.5708444754229944 7.200241088867188e-05 -1.5707481543170374 7.190534961409867e-05 4.793690095539205e-05 0.0 0.0 -0.0 0.0 0.0 0.0 0.002520959255837481 -0.3814004477240513 0.6941393965891692 1.5712599987656124 0.00523533483229079 0.005542130804826212
4157.392 7.190534961409867e-05 -1.5708320776568812 6.008148193359375e-05 -1.5707839171039026 7.190534961409867e-05 8.388957940042019e-05 0.0 0.0 -0.0 0.0 0.0 0.0 0.0025208389403762795 -0.381400411591582 0.6941394173241139 1.571259949060908 0.005234798224967912 0.005542641439841306
4157.4 8.388957940042019e-05 -1.5709040800677698 3.5762786865234375e-05 -1.5707481543170374 7.190534961409867e-05 5.992112710373476e-05 0.0 0.0 -0.0 0.0 0.0 0.0 0.002568659854471394 -0.3814003660106073 0.6941392111421805 1.5712601820432064 0.005310602068862537 0.005485658362827399
4157.407999999999 4.793690095539205e-05 -1.5708563963519495 3.5762786865234375e-05 -1.5707839171039026 5.992112710373476e-05 8.388957940042019e-05 0.0 0.0 -0.0 0.0 0.0 0.0 0.0025289130353464253 -0.38140046105111347 0.6941393337733003 1.5712600745216727 0.0052447508460247 0.005476188296223803
4157.416 7.190534961409867e-05 -1.5708683172809046 2.384185791015625e-05 -1.5707839171039026 7.190534961409867e-05 7.190534961409867e-05 0.0 0.0 -0.0 0.0 0.0 0.0 0.0025512985592159258 -0.38140036149065376 0.6941392925294441 1.5712599943493293 0.0053011251350869384 0.005476285175122603
4157.424 5.992112710373476e-05 -1.5708563963519495 8.392333984375e-05 -1.5707357565509241 7.190534961409867e-05 7.190534961409867e-05 0.0 0.0 -0.0 0.0 0.0 0.0 0.00251824118676816 -0.38140050065929787 0.6941393764424023 1.5712601948929916 0.005197359678195755 0.005561287527269279
4157.432 7.190534961409867e-05 -1.5708563963519495 6.008148193359375e-05 -1.5707839171039026 1.1984225238848012e-05 7.190534961409867e-05 0.0 0.0 -0.0 0.0 0.0 0.0 0.002517904596809709 -0.381400522095323 0.6941393543601924 1.571260105209057 0.005216279067069363 0.0054670423318455745
4157.44 5.992112710373476e-05 -1.5708683172809046 6.008148193359375e-05 -1.5707839171039026 7.190534961409867e-05 9.58738019107841e-05 0.0 0.0 -0.0 0.0 0.0 0.0 0.0025359198818647594 -0.381400440682268 0.6941393240762901 1.571260135789986 0.005244437497905696 0.005514182552504033
4157.447999999999 5.992112710373476e-05 -1.5708563963519495 6.008148193359375e-05 -1.5707481543170374 4.793690095539205e-05 4.793690095539205e-05 0.0 0.0 -0.0 0.0 0.0 0.0 0.0025199594051867843 -0.38140050614433063 0.6941393553617315 1.5712600958310239 0.005225825057153121 0.005495151597225223
4157.456 5.992112710373476e-05 -1.5708320776568812 8.392333984375e-05 -1.5707724730121058 5.992112710373476e-05 7.190534961409867e-05 0.0 0.0 -0.0 0.0 0.0 0.0 0.00250495818680355 -0.3814005026565145 0.6941394375907143 1.5712600155082173 0.0051976888634618 0.00554213074685916
4157.464 3.5952674807049334e-05 -1.5708563963519495 6.008148193359375e-05 -1.5707839171039026 7.190534961409867e-05 5.992112710373476e-05 0.0 0.0 -0.0 0.0 0.0 0.0 0.0025203139186735007 -0.38140050155915883 0.6941393548285191 1.571260018569456 0.005244487512103264 0.005476490173960314
4157.472 7.190534961409867e-05 -1.5708320776568812 2.384185791015625e-05 -1.5707724730121058 9.58738019107841e-05 9.58738019107841e-05 0.0 0.0 -0.0 0.0 0.0 0.0 0.0025371203319139307 -0.3814003245640767 0.694139386681295 1.5712599440943464 0.005263651241888387 0.005551389821303761
4157.48 5.992112710373476e-05 -1.5708444754229944 7.200241088867188e-05 -1.5707724730121058 4.793690095539205e-05 4.793690095539205e-05 0.0 0.0 -0.0 0.0 0.0 0.0 0.002512012037066054 -0.38140050856061836 0.6941393955886023 1.5712599881367915 0.005226206932120607 0.005494784492358291
4157.487999999999 8.388957940042019e-05 -1.5708683172809046 7.200241088867188e-05 -1.5707481543170374 5.992112710373476e-05 7.190534961409867e-05 0.0 0.0 -0.0 0.0 0.0 0.0 0.0025352344790083407 -0.3814004388513459 0.6941393351101511 1.5712601619490896 0.005235241985478851 0.005542221982403952
4157.496 7.190534961409867e-05 -1.5708320776568812 2.384185791015625e-05 -1.5707839171039026 4.793690095539205e-05 7.190534961409867e-05 0.0 0.0 -0.0 0.0 0.0 0.0 0.0025251981570173446 -0.38140040749214876 0.6941393860583989 1.5712599165040166 0.005253839969022098 0.005485907694405762
4157.504 4.793690095539205e-05 -1.5708683172809046 7.200241088867188e-05 -1.570796314870016 5.992112710373476e-05 1.1984225238848012e-05 0.0 0.0 -0.0 0.0 0.0 0.0 0.0025256259661684405 -0.38140050218733934 0.6941393339589681 1.5712598693483462 0.0052919032134680025 0.005429111962154215
4157.512 8.388957940042019e-05 -1.5708802382098597 2.384185791015625e-05 -1.5707724730121058 4.793690095539205e-05 7.190534961409867e-05 0.0 0.0 -0.0 0.0 0.0 0.0 0.002554909884816209 -0.38140038170994695 0.6941392620723938 1.5712600946025042 0.0052921002005660005 0.005466485949904619
4157.5199999999995 2.3968450477696024e-05 -1.5708921591388147 8.392333984375e-05 -1.5707724730121058 3.5952674807049334e-05 4.793690095539205e-05 0.0 0.0 -0.0 0.0 0.0 0.0 0.0025173776359539613 -0.3814006361181923 0.6941392831024769 1.5712602529248063 0.00521665758689928 0.005429058681013392
4157.528 5.992112710373476e-05 -1.5708563963519495 2.384185791015625e-05 -1.5707481543170374 4.793690095539205e-05 5.992112710373476e-05 0.0 0.0 -0.0 0.0 0.0 0.0 0.002530767295957072 -0.38140045750052853 0.6941393242878675 1.5712600983884215 0.005244852084162528 0.005476075765657155
4157.536 4.793690095539205e-05 -1.5708444754229944 7.200241088867188e-05 -1.5707724730121058 7.190534961409867e-05 8.388957940042019e-05 0.0 0.0 -0.0 0.0 0.0 0.0 0.0025138899222758933 -0.3814004941185297 0.6941393960035752 1.5712600852995517 0.00520736187934618 0.0055324424044864455
4157.544 8.388957940042019e-05 -1.5708683172809046 7.200241088867188e-05 -1.5707724730121058 7.190534961409867e-05 5.992112710373476e-05 0.0 0.0 -0.0 0.0 0.0 0.0 0.002540531058946137 -0.38140040246251206 0.6941393346841919 1.5712600188834263 0.005273167750909574 0.005523130223715918
4157.552 3.5952674807049334e-05 -1.5708921591388147 6.008148193359375e-05 -1.5707600752459925 5.992112710373476e-05 8.388957940042019e-05 0.0 0.0 -0.0 0.0 0.0 0.0 0.0025344511207493667 -0.381400536808459 0.6941392630042978 1.571260321846564 0.005225616168895368 0.005476533785224427
4157.5599999999995 5.992112710373476e-05 -1.5708444754229944 1.1920928955078125e-05 -1.5707600752459925 5.992112710373476e-05 8.388957940042019e-05 0.0 0.0 -0.0 0.0 0.0 0.0 0.002532098282787122 -0.38140041274443504 0.6941393445025816 1.5712600645384163 0.005244784706422121 0.005494944037113493
4157.568 5.992112710373476e-05 -1.5708444754229944 6.008148193359375e-05 -1.5707357565509241 5.992112710373476e-05 5.992112710373476e-05 0.0 0.0 -0.0 0.0 0.0 0.0 0.0025156629205094943 -0.3814004913335075 0.6941393864229055 1.5712601126974939 0.0052067139887768295 0.0055330788653414125
4157.576 3.5952674807049334e-05 -1.5708444754229944 4.8160552978515625e-05 -1.5707600752459925 4.793690095539205e-05 5.992112710373476e-05 0.0 0.0 -0.0 0.0 0.0 0.0 0.002508924473971871 -0.38140054391150346 0.69413937555954 1.5712600887236332 0.005206934640976914 0.005476369368559641
4157.584 7.190534961409867e-05 -1.5708320776568812 7.200241088867188e-05 -1.5707724730121058 4.793690095539205e-05 3.5952674807049334e-05 0.0 0.0 -0.0 0.0 0.0 0.0 0.0025098598650017756 -0.3814004788828411 0.6941394272729133 1.5712598832443048 0.005235297661945744 0.005504520424190415
4157.592 4.793690095539205e-05 -1.5708563963519495 3.5762786865234375e-05 -1.5707600752459925 7.190534961409867e-05 8.388957940042019e-05 0.0 0.0 -0.0 0.0 0.0 0.0 0.0025301057604653976 -0.38140045241872156 0.694139334484305 1.5712601295816584 0.005235430336639155 0.005504331159324921
4157.599999999999 5.992112710373476e-05 -1.5708444754229944 4.8160552978515625e-05 -1.5707481543170374 4.793690095539205e-05 8.388957940042019e-05 0.0 0.0 -0.0 0.0 0.0 0.0 0.0025170502480984236 -0.3814004905023088 0.6941393757876422 1.5712601635762133 0.0051975706166730055 0.005523374795608615
4157.608 4.793690095539205e-05 -1.5708683172809046 7.200241088867188e-05 -1.5707724730121058 4.793690095539205e-05 8.388957940042019e-05 0.0 0.0 -0.0 0.0 0.0 0.0 0.0025203700159331394 -0.38140053807419455 0.6941393344229672 1.5712602125210389 0.005207276320871803 0.005494883083147061
4157.616 4.793690095539205e-05 -1.5708921591388147 0.00010776519775390625 -1.5707724730121058 7.190534961409867e-05 7.190534961409867e-05 0.0 0.0 -0.0 0.0 0.0 0.0 0.0025290817761983173 -0.38140054086738184 0.6941393038966056 1.5712602449430888 0.00522616909171488 0.005513697503278481
4157.624 8.388957940042019e-05 -1.5708683172809046 2.384185791015625e-05 -1.570796314870016 8.388957940042019e-05 7.190534961409867e-05 0.0 0.0 -0.0 0.0 0.0 0.0 0.0025601501244764445 -0.38140030132027136 0.6941392920218467 1.5712599082650873 0.005329686828936154 0.005485377303384913
4157.632 4.793690095539205e-05 -1.5708444754229944 3.5762786865234375e-05 -1.5707724730121058 4.793690095539205e-05 7.190534961409867e-05 0.0 0.0 -0.0 0.0 0.0 0.0 0.0025182491390115984 -0.3814004901234975 0.6941393646973208 1.5712600534387624 0.005226403626770711 0.005475708658717746
4157.639999999999 5.992112710373476e-05 -1.5708683172809046 3.5762786865234375e-05 -1.5707839171039026 7.190534961409867e-05 7.190534961409867e-05 0.0 0.0 -0.0 0.0 0.0 0.0 0.002543172545265814 -0.38140040803977093 0.6941393029499258 1.57126002955762 0.005282353964571656 0.005476245000126334
4157.648 2.3968450477696024e-05 -1.5708563963519495 8.392333984375e-05 -1.5707839171039026 5.992112710373476e-05 8.388957940042019e-05 0.0 0.0 -0.0 0.0 0.0 0.0 0.00250540833554004 -0.3814005856843319 0.6941393751140521 1.5712601682668357 0.00518812230851807 0.0054952239497654915
4157.656 8.388957940042019e-05 -1.5708444754229944 6.008148193359375e-05 -1.5707839171039026 5.992112710373476e-05 8.388957940042019e-05 0.0 0.0 -0.0 0.0 0.0 0.0 0.0025289083544345397 -0.3814004032139602 0.6941393853715231 1.5712599919025798 0.0052445452484192676 0.0055328980971942835
4157.664 8.388957940042019e-05 -1.570820156727926 7.200241088867188e-05 -1.5707839171039026 7.190534961409867e-05 9.58738019107841e-05 0.0 0.0 -0.0 0.0 0.0 0.0 0.002515390117628387 -0.38140039795444597 0.6941394579624942 1.571259938690439 0.005216077314506133 0.005580195053211686
4157.672 3.5952674807049334e-05 -1.5708444754229944 6.008148193359375e-05 -1.5707724730121058 4.793690095539205e-05 5.992112710373476e-05 0.0 0.0 -0.0 0.0 0.0 0.0 0.002506425684420095 -0.38140055274404777 0.694139385470226 1.5712600606089424 0.0052073173746044294 0.00547600312762996
4157.679999999999 8.388957940042019e-05 -1.5708320776568812 3.5762786865234375e-05 -1.570796314870016 3.5952674807049334e-05 4.793690095539205e-05 0.0 0.0 -0.0 0.0 0.0 0.0 0.002524045820187777 -0.38140040847198664 0.694139395944216 1.5712598075259343 0.0052730603905514345 0.005466712502871158
4157.688 2.3968450477696024e-05 -1.570820156727926 4.8160552978515625e-05 -1.5707600752459925 5.992112710373476e-05 8.388957940042019e-05 0.0 0.0 -0.0 0.0 0.0 0.0 0.002494390677537867 -0.38140055204737533 0.6941394380271412 1.5712600846821774 0.005168992348024933 0.005514295737366635
4157.696 4.793690095539205e-05 -1.5708563963519495 7.200241088867188e-05 -1.5707724730121058 4.793690095539205e-05 5.992112710373476e-05 0.0 0.0 -0.0 0.0 0.0 0.0 0.0025139056316179336 -0.3814005383559767 0.6941393650443154 1.5712600913656376 0.005216741597601612 0.005485423016449398
4157.704 4.793690095539205e-05 -1.5708683172809046 8.392333984375e-05 -1.5707357565509241 4.793690095539205e-05 8.388957940042019e-05 0.0 0.0 -0.0 0.0 0.0 0.0 0.0025136861058601546 -0.3814005750485322 0.6941393452489799 1.5712603441026192 0.005169078779503703 0.0055330896822836486
4157.7119999999995 5.992112710373476e-05 -1.5708563963519495 4.8160552978515625e-05 -1.5707724730121058 5.992112710373476e-05 5.992112710373476e-05 0.0 0.0 -0.0 0.0 0.0 0.0 0.002528811214584533 -0.38140045391992905 0.6941393447725765 1.5712600214123018 0.005254276527447353 0.005485510788115657
4157.72 2.3968450477696024e-05 -1.5708683172809046 3.5762786865234375e-05 -1.5707839171039026 9.58738019107841e-05 4.793690095539205e-05 0.0 0.0 -0.0 0.0 0.0 0.0 0.0025359088544199392 -0.3814004547079509 0.6941393029037687 1.5712599712762227 0.005291754207276301 0.005448027519519958
4157.728 5.992112710373476e-05 -1.5708921591388147 8.392333984375e-05 -1.5707839171039026 4.793690095539205e-05 8.388957940042019e-05 0.0 0.0 -0.0 0.0 0.0 0.0 0.002535289520005811 -0.3814005165628456 0.694139282940522 1.5712602465318948 0.005235055122826204 0.005485953646888823
4157.736 4.793690095539205e-05 -1.5708444754229944 4.8160552978515625e-05 -1.5707600752459925 0.000107858024421148 7.190534961409867e-05 0.0 0.0 -0.0 0.0 0.0 0.0 0.0025296169510043176 -0.38140040222902133 0.6941393764126996 1.5712599921706205 0.00525397360174032 0.005542281831835328
4157.744 9.58738019107841e-05 -1.5708683172809046 2.384185791015625e-05 -1.5707600752459925 5.992112710373476e-05 7.190534961409867e-05 0.0 0.0 -0.0 0.0 0.0 0.0 0.0025551841876105845 -0.3814003364077329 0.69413929325826 1.571260049792441 0.005291819466388867 0.005504413214072299
4157.7519999999995 8.388957940042019e-05 -1.5708683172809046 2.384185791015625e-05 -1.570796314870016 4.793690095539205e-05 5.992112710373476e-05 0.0 0.0 -0.0 0.0 0.0 0.0 0.002550477112795524 -0.38140036850475967 0.6941392923264595 1.5712599349810306 0.00531087861817438 0.005447711979608234
4157.76 4.793690095539205e-05 -1.5708683172809046 7.200241088867188e-05 -1.5707839171039026 5.992112710373476e-05 1.1984225238848012e-05 0.0 0.0 -0.0 0.0 0.0 0.0 0.002524569527961538 -0.3814005092835415 0.6941393342742034 1.5712599099881017 0.0052821645051976075 0.005438848796006891
4157.768 5.992112710373476e-05 -1.5708802382098597 7.200241088867188e-05 -1.5707839171039026 7.190534961409867e-05 7.190534961409867e-05 0.0 0.0 -0.0 0.0 0.0 0.0 0.0025388290384648566 -0.3814004563241997 0.6941393035810216 1.5712601078064847 0.005263276798849102 0.005495370126729441
4157.776 5.992112710373476e-05 -1.5708320776568812 6.008148193359375e-05 -1.5707839171039026 7.190534961409867e-05 5.992112710373476e-05 0.0 0.0 -0.0 0.0 0.0 0.0 0.002516268152797354 -0.3814004417744971 0.6941394173241139 1.571259890501165 0.005244213304353439 0.005514409126678872
4157.784 3.5952674807049334e-05 -1.5708563963519495 6.008148193359375e-05 -1.5707600752459925 7.190534961409867e-05 7.190534961409867e-05 0.0 0.0 -0.0 0.0 0.0 0.0 0.0025182823065599234 -0.38140051518134427 0.6941393554748038 1.5712601362802978 0.005216344088565711 0.005504625623685704
4157.7919999999995 8.388957940042019e-05 -1.5708320776568812 6.008148193359375e-05 -1.5707839171039026 5.992112710373476e-05 8.388957940042019e-05 0.0 0.0 -0.0 0.0 0.0 0.0 0.0025221853941229883 -0.3814004037487041 0.6941394171519759 1.5712599496680855 0.005234805646838856 0.0055426340325801585
4157.8 7.190534961409867e-05 -1.5708444754229944 3.5762786865234375e-05 -1.5707481543170374 4.793690095539205e-05 3.5952674807049334e-05 0.0 0.0 -0.0 0.0 0.0 0.0 0.00252531847250448 -0.3814004436244264 0.6941393652011867 1.5712599670531757 0.005254376578046247 0.0054853970607621795
4157.808 4.793690095539205e-05 -1.5708683172809046 6.008148193359375e-05 -1.5707724730121058 7.190534961409867e-05 4.793690095539205e-05 0.0 0.0 -0.0 0.0 0.0 0.0 0.002530373918818318 -0.3814004775962613 0.6941393244041769 1.571260033624605 0.00526369327060152 0.005476116545511361
4157.816 3.5952674807049334e-05 -1.5708683172809046 0.0001316070556640625 -1.5707600752459925 7.190534961409867e-05 8.388957940042019e-05 0.0 0.0 -0.0 0.0 0.0 0.0 0.0025034153225348688 -0.38140061047365603 0.6941393857155892 1.5712602891607286 0.005160158085874644 0.0055608984781028
4157.824 7.190534961409867e-05 -1.5708563963519495 4.8160552978515625e-05 -1.5707600752459925 3.5952674807049334e-05 7.190534961409867e-05 0.0 0.0 -0.0 0.0 0.0 0.0 0.002525876888476666 -0.3814004753046176 0.6941393448109803 1.5712601255703815 0.005225722316960814 0.005495232787203983
4157.831999999999 7.190534961409867e-05 -1.5708444754229944 6.008148193359375e-05 -1.570808235798971 5.992112710373476e-05 9.58738019107841e-05 0.0 0.0 -0.0 0.0 0.0 0.0 0.002526409808025029 -0.38140041952449044 0.6941393847655282 1.5712599752574523 0.005244817764854548 0.005513798917071063
4157.84 5.992112710373476e-05 -1.5708444754229944 7.200241088867188e-05 -1.5707481543170374 5.992112710373476e-05 8.388957940042019e-05 0.0 0.0 -0.0 0.0 0.0 0.0 0.0025131641310524467 -0.38140050022594896 0.694139396303254 1.57126016502892 0.005188266445802118 0.005551534168000619
4157.848 3.5952674807049334e-05 -1.5708563963519495 3.5762786865234375e-05 -1.5707600752459925 5.992112710373476e-05 4.793690095539205e-05 0.0 0.0 -0.0 0.0 0.0 0.0 0.0025223106336902217 -0.38140050495291616 0.6941393343921161 1.571260053609661 0.005244852775173123 0.0054572698905610735
4157.856 4.793690095539205e-05 -1.5708444754229944 4.8160552978515625e-05 -1.5707724730121058 7.190534961409867e-05 5.992112710373476e-05 0.0 0.0 -0.0 0.0 0.0 0.0 0.002521000377722009 -0.3814004622013103 0.6941393755706894 1.5712599803310447 0.005244904106516408 0.005494879674726701
4157.864 4.793690095539205e-05 -1.5708563963519495 3.5762786865234375e-05 -1.5707600752459925 7.190534961409867e-05 7.190534961409867e-05 0.0 0.0 -0.0 0.0 0.0 0.0 0.0025301057604653976 -0.38140045241872156 0.694139334484305 1.5712600891748028 0.005244845477702199 0.005494920385102919
4157.871999999999 7.190534961409867e-05 -1.5708320776568812 7.200241088867188e-05 -1.570808235798971 5.992112710373476e-05 3.5952674807049334e-05 0.0 0.0 -0.0 0.0 0.0 0.0 0.0025161316202007393 -0.3814004360224853 0.6941394267207378 1.5712597429351556 0.0052727978675817565 0.00548585158713367
4157.88 7.190534961409867e-05 -1.5708563963519495 7.200241088867188e-05 -1.5707481543170374 5.992112710373476e-05 8.388957940042019e-05 0.0 0.0 -0.0 0.0 0.0 0.0 0.0025241993040117034 -0.3814004696435265 0.6941393657452333 1.5712601838146383 0.00520704664191759 0.005551583459754793
4157.888 3.5952674807049334e-05 -1.5708563963519495 3.5762786865234375e-05 -1.5707600752459925 4.793690095539205e-05 7.190534961409867e-05 0.0 0.0 -0.0 0.0 0.0 0.0 0.0025190862951264418 -0.38140052715450534 0.6941393342999576 1.5712601568948128 0.005216614720376146 0.005466673244764861
4157.896 5.992112710373476e-05 -1.570808235798971 8.392333984375e-05 -1.5707481543170374 9.58738019107841e-05 4.793690095539205e-05 0.0 0.0 -0.0 0.0 0.0 0.0 0.002499630182722888 -0.3814004502505818 0.6941395000110031 1.5712598614864777 0.005206909618424856 0.005589385885165847
4157.9039999999995 3.5952674807049334e-05 -1.5708320776568812 3.5762786865234375e-05 -1.5707724730121058 8.388957940042019e-05 9.58738019107841e-05 0.0 0.0 -0.0 0.0 0.0 0.0 0.0025166284039190726 -0.3814004537672159 0.694139396907501 1.5712600458445265 0.005216641896850174 0.005523109920615722
4157.912 3.5952674807049334e-05 -1.5708683172809046 6.008148193359375e-05 -1.5707600752459925 5.992112710373476e-05 5.992112710373476e-05 0.0 0.0 -0.0 0.0 0.0 0.0 0.0025215223534461846 -0.3814005372172532 0.6941393246146282 1.5712601596952185 0.005225716446938148 0.0054764351959269205
4157.92 4.793690095539205e-05 -1.5708563963519495 4.8160552978515625e-05 -1.5707839171039026 9.58738019107841e-05 9.58738019107841e-05 0.0 0.0 -0.0 0.0 0.0 0.0 0.002534888611152568 -0.3814004106953907 0.6941393446475462 1.571260060018058 0.005253828838312523 0.005523599034872275
4157.928 5.992112710373476e-05 -1.5708444754229944 8.392333984375e-05 -1.5707600752459925 7.190534961409867e-05 8.388957940042019e-05 0.0 0.0 -0.0 0.0 0.0 0.0 0.0025138490460143567 -0.3814004870742328 0.6941394064486861 1.5712601154196013 0.005197682391531664 0.005560960603664892
4157.936 8.388957940042019e-05 -1.5708320776568812 6.008148193359375e-05 -1.570796314870016 5.992112710373476e-05 4.793690095539205e-05 0.0 0.0 -0.0 0.0 0.0 0.0 0.0025232418320815953 -0.38140039661454306 0.6941394168624319 1.5712597874983036 0.005272789764320706 0.005504664882226501
4157.9439999999995 7.190534961409867e-05 -1.5708563963519495 2.384185791015625e-05 -1.5707724730121058 5.992112710373476e-05 9.58738019107841e-05 0.0 0.0 -0.0 0.0 0.0 0.0 0.0025406346653245315 -0.3814003908573198 0.6941393237483401 1.5712600950447329 0.005254532501811304 0.005504037857626982
4157.952 5.992112710373476e-05 -1.5708444754229944 4.8160552978515625e-05 -1.5707481543170374 7.190534961409867e-05 0.000107858024421148 0.0 0.0 -0.0 0.0 0.0 0.0 0.0025234989229030213 -0.3814004459059457 0.6941393762056907 1.5712601983955967 0.0051975559043915785 0.0055610327018988616
4157.96 4.793690095539205e-05 -1.5708444754229944 6.008148193359375e-05 -1.5707481543170374 3.5952674807049334e-05 7.190534961409867e-05 0.0 0.0 -0.0 0.0 0.0 0.0 0.0025056998919671227 -0.38140055880008356 0.6941393856762801 1.5712601806578999 0.0051788068036375465 0.005504505656392916
4157.968 2.3968450477696024e-05 -1.5708683172809046 8.392333984375e-05 -1.5707839171039026 7.190534961409867e-05 3.5952674807049334e-05 0.0 0.0 -0.0 0.0 0.0 0.0 0.0025150970575628494 -0.38140056335576283 0.6941393446171885 1.5712600254649067 0.0052445556402697015 0.005457637570895953
4157.976 5.992112710373476e-05 -1.5708444754229944 3.5762786865234375e-05 -1.5707724730121058 7.190534961409867e-05 7.190534961409867e-05 0.0 0.0 -0.0 0.0 0.0 0.0 0.0025292686033729565 -0.3814004153204652 0.6941393648785914 1.5712599855987213 0.005254634384083781 0.005503955798252345
4157.9839999999995 4.793690095539205e-05 -1.5708320776568812 8.392333984375e-05 -1.5707724730121058 4.793690095539205e-05 8.388957940042019e-05 0.0 0.0 -0.0 0.0 0.0 0.0 0.0024971630584611944 -0.3814005548894004 0.6941394373048305 1.5712601006507931 0.005169450743900499 0.005532712564277092
4157.992 3.5952674807049334e-05 -1.5708320776568812 2.384185791015625e-05 -1.570808235798971 4.793690095539205e-05 4.793690095539205e-05 0.0 0.0 -0.0 0.0 0.0 0.0 0.0025135580348970843 -0.38140048413876015 0.6941393854814097 1.571259823635211 0.005263527502443657 0.005419754665764787
4158.0 5.992112710373476e-05 -1.5708444754229944 2.384185791015625e-05 -1.5707600752459925 8.388957940042019e-05 5.992112710373476e-05 0.0 0.0 -0.0 0.0 0.0 0.0 0.0025349917309459968 -0.3814003840720064 0.6941393550024316 1.5712599503240545 0.005273074568480116 0.005504329458576916
4158.008 9.58738019107841e-05 -1.570820156727926 7.200241088867188e-05 -1.5707839171039026 4.793690095539205e-05 8.388957940042019e-05 0.0 0.0 -0.0 0.0 0.0 0.0 0.0025135122314915714 -0.3814004126103671 0.6941394574644989 1.571259922228525 0.005216092083253706 0.005561358686586956
4158.016 7.190534961409867e-05 -1.5708320776568812 3.5762786865234375e-05 -1.5707481543170374 7.190534961409867e-05 5.992112710373476e-05 0.0 0.0 -0.0 0.0 0.0 0.0 0.0025250441867070528 -0.3814003994050375 0.6941393974118473 1.5712599595827157 0.0052446222595767126 0.005532790907844387
4158.023999999999 8.388957940042019e-05 -1.5708320776568812 7.200241088867188e-05 -1.5707724730121058 7.190534961409867e-05 7.190534961409867e-05 0.0 0.0 -0.0 0.0 0.0 0.0 0.002520879329528759 -0.3814004040256861 0.6941394277678355 1.571259935839646 0.0052352830122935476 0.005560999880361761
4158.032 4.793690095539205e-05 -1.5708444754229944 2.384185791015625e-05 -1.5707839171039026 5.992112710373476e-05 5.992112710373476e-05 0.0 0.0 -0.0 0.0 0.0 0.0 0.002526003878446632 -0.38140044537439144 0.6941393541992087 1.5712599406364083 0.005263572095312129 0.005457357635307185
4158.04 3.5952674807049334e-05 -1.570820156727926 7.200241088867188e-05 -1.5707600752459925 5.992112710373476e-05 7.190534961409867e-05 0.0 0.0 -0.0 0.0 0.0 0.0 0.0024918510108107874 -0.38140055395864225 0.694139458185046 1.5712600466497266 0.005169110734185254 0.005533036919412089
4158.048 7.190534961409867e-05 -1.5708320776568812 4.8160552978515625e-05 -1.5707724730121058 4.793690095539205e-05 5.992112710373476e-05 0.0 0.0 -0.0 0.0 0.0 0.0 0.0025169703199232935 -0.3814004467951517 0.694139407081933 1.571259939088845 0.005235179338106152 0.0055046007823481196
4158.056 3.5952674807049334e-05 -1.5708802382098597 7.200241088867188e-05 -1.5707481543170374 2.3968450477696024e-05 7.190534961409867e-05 0.0 0.0 -0.0 0.0 0.0 0.0 0.0025137426876263623 -0.3814006262291513 0.6941393038863783 1.571260359909994 0.005178722850389635 0.005466962861307517
4158.063999999999 1.1984225238848012e-05 -1.570808235798971 4.8160552978515625e-05 -1.5707600752459925 4.793690095539205e-05 7.190534961409867e-05 0.0 0.0 -0.0 0.0 0.0 0.0 0.00248013116259824 -0.38140060408689325 0.6941394681603478 1.5712600484465988 0.005150219511175566 0.005495417480101158
4158.072 5.992112710373476e-05 -1.5708683172809046 4.8160552978515625e-05 -1.5707600752459925 7.190534961409867e-05 5.992112710373476e-05 0.0 0.0 -0.0 0.0 0.0 0.0 0.0025374434973157623 -0.3814004383519057 0.6941393144369902 1.571260079711067 0.005263310597104899 0.005495304328921624
4158.08 5.992112710373476e-05 -1.5708802382098597 3.5762786865234375e-05 -1.5707600752459925 5.992112710373476e-05 5.992112710373476e-05 0.0 0.0 -0.0 0.0 0.0 0.0 0.002544380980295868 -0.3814004436688029 0.6941392727629914 1.5712601301718379 0.005272998035376684 0.005466779252388939
4158.088 7.190534961409867e-05 -1.5708683172809046 4.8160552978515625e-05 -1.5707724730121058 5.992112710373476e-05 4.793690095539205e-05 0.0 0.0 -0.0 0.0 0.0 0.0 0.0025398463863721176 -0.38140042314991884 0.694139314028028 1.5712599988065845 0.005282471861488329 0.005476149309252405
4158.096 2.3968450477696024e-05 -1.5708444754229944 7.200241088867188e-05 -1.570796314870016 7.190534961409867e-05 4.793690095539205e-05 0.0 0.0 -0.0 0.0 0.0 0.0 0.002506779954983101 -0.38140054066517903 0.6941393953805404 1.571259931676673 0.005235505186225564 0.0054666638646576424
4158.103999999999 4.793690095539205e-05 -1.570820156727926 6.008148193359375e-05 -1.5707600752459925 5.992112710373476e-05 8.388957940042019e-05 0.0 0.0 -0.0 0.0 0.0 0.0 0.002499977029153956 -0.3814005081097299 0.6941394481272847 1.571260052780904 0.00517846676668983 0.0055424878737015595
4158.112 4.793690095539205e-05 -1.5708444754229944 1.1920928955078125e-05 -1.5707724730121058 7.190534961409867e-05 8.388957940042019e-05 0.0 0.0 -0.0 0.0 0.0 0.0 0.002531808269062791 -0.3814004136873234 0.694139344188023 1.5712600240166952 0.00525451599662702 0.00548521461413876
4158.12 2.3968450477696024e-05 -1.5708683172809046 6.008148193359375e-05 -1.5707600752459925 2.3968450477696024e-05 8.388957940042019e-05 0.0 0.0 -0.0 0.0 0.0 0.0 0.002507278546878185 -0.3814006337814523 0.6941393242183155 1.5712603300267343 0.005169247630050809 0.005457591411074312
4158.128 5.992112710373476e-05 -1.5708320776568812 4.8160552978515625e-05 -1.5707481543170374 7.190534961409867e-05 9.58738019107841e-05 0.0 0.0 -0.0 0.0 0.0 0.0 0.002516775962693934 -0.38140044627956826 0.6941394080324137 1.5712601155386825 0.005197231439868025 0.00556135786876043
4158.1359999999995 4.793690095539205e-05 -1.5708444754229944 6.008148193359375e-05 -1.5707724730121058 7.190534961409867e-05 8.388957940042019e-05 0.0 0.0 -0.0 0.0 0.0 0.0 0.0025174451500597876 -0.3814004781599165 0.6941393858083234 1.5712600732222095 0.005216717855341591 0.005523071811379143
4158.144 5.992112710373476e-05 -1.5708444754229944 1.1920928955078125e-05 -1.5707839171039026 8.388957940042019e-05 4.793690095539205e-05 0.0 0.0 -0.0 0.0 0.0 0.0 0.0025405785698113153 -0.3814003544000493 0.694139343813325 1.5712598194819674 0.005310573966632234 0.005466823411989184
4158.152 3.5952674807049334e-05 -1.570820156727926 0.00010776519775390625 -1.5707357565509241 4.793690095539205e-05 7.190534961409867e-05 0.0 0.0 -0.0 0.0 0.0 0.0 0.002475888742504701 -0.3814006378030331 0.694139487941436 1.571260184095471 0.005112532172534106 0.00557082968775991
4158.16 0.000107858024421148 -1.5708444754229944 7.200241088867188e-05 -1.5707357565509241 5.992112710373476e-05 7.190534961409867e-05 0.0 0.0 -0.0 0.0 0.0 0.0 0.002530390846974041 -0.38140038647391167 0.6941393965424218 1.5712600767711165 0.005225603665800252 0.005589503308329999
4158.168 7.190534961409867e-05 -1.5708563963519495 7.200241088867188e-05 -1.5707600752459925 7.190534961409867e-05 7.190534961409867e-05 0.0 0.0 -0.0 0.0 0.0 0.0 0.002528439446340609 -0.38140044043971777 0.6941393656998432 1.5712600816310023 0.0052352337045796365 0.005542228528440228
4158.1759999999995 4.793690095539205e-05 -1.5708444754229944 4.8160552978515625e-05 -1.5707600752459925 8.388957940042019e-05 4.793690095539205e-05 0.0 0.0 -0.0 0.0 0.0 0.0 0.0025231682782449324 -0.381400446979968 0.6941393760713446 1.571259957188534 0.005253988317918354 0.00550462392583458
4158.184 4.793690095539205e-05 -1.5708683172809046 1.1920928955078125e-05 -1.5707724730121058 5.992112710373476e-05 4.793690095539205e-05 0.0 0.0 -0.0 0.0 0.0 0.0 0.0025415126997715013 -0.3814004354023802 0.6941392825045325 1.5712600061697886 0.005292083634031284 0.005428841166714794
4158.192 7.190534961409867e-05 -1.5708563963519495 7.200241088867188e-05 -1.5707481543170374 5.992112710373476e-05 4.793690095539205e-05 0.0 0.0 -0.0 0.0 0.0 0.0 0.0025241993040117034 -0.3814004696435265 0.6941393657452333 1.5712600627491622 0.005235292056491425 0.005523351145212295
4158.2 7.190534961409867e-05 -1.5708683172809046 4.8160552978515625e-05 -1.5707724730121058 3.5952674807049334e-05 8.388957940042019e-05 0.0 0.0 -0.0 0.0 0.0 0.0 0.002533397710576881 -0.38140046774640585 0.6941393139206158 1.5712601656779708 0.005235410885621856 0.005485545251171438
4158.208 4.793690095539205e-05 -1.5708444754229944 6.008148193359375e-05 -1.5707839171039026 5.992112710373476e-05 5.992112710373476e-05 0.0 0.0 -0.0 0.0 0.0 0.0 0.0025151959867474984 -0.3814004938885007 0.6941393853715231 1.5712599781837562 0.005235129930465363 0.005485844238248372
4158.215999999999 5.992112710373476e-05 -1.5708563963519495 3.5762786865234375e-05 -1.5707839171039026 3.5952674807049334e-05 3.5952674807049334e-05 0.0 0.0 -0.0 0.0 0.0 0.0 0.0025270351482125928 -0.3814004752358167 0.6941393337427659 1.5712599353824697 0.005273011032019956 0.005429119610755288
4158.224 2.3968450477696024e-05 -1.5708444754229944 2.384185791015625e-05 -1.5707481543170374 7.190534961409867e-05 5.992112710373476e-05 0.0 0.0 -0.0 0.0 0.0 0.0 0.002517039219223973 -0.381400504004334 0.6941393552398948 1.5712600792927334 0.005226057049226866 0.005476041297360172
4158.232 5.992112710373476e-05 -1.5709040800677698 6.008148193359375e-05 -1.5707357565509241 4.793690095539205e-05 8.388957940042019e-05 0.0 0.0 -0.0 0.0 0.0 0.0 0.0025447605016511465 -0.38140051181588847 0.6941392326180111 1.5712604197618085 0.005225300931387573 0.005495674833689331
4158.24 7.190534961409867e-05 -1.5708683172809046 2.384185791015625e-05 -1.5707724730121058 5.992112710373476e-05 5.992112710373476e-05 0.0 0.0 -0.0 0.0 0.0 0.0 0.002547099049137137 -0.3814003904205062 0.6941392929173332 1.571260013792685 0.005292142913783764 0.005466444070484086
4158.248 8.388957940042019e-05 -1.570820156727926 4.8160552978515625e-05 -1.5707357565509241 4.793690095539205e-05 7.190534961409867e-05 0.0 0.0 -0.0 0.0 0.0 0.0 0.002511948043505209 -0.3814004382459279 0.6941394381802465 1.571260036588762 0.005196972843572508 0.005561619811171002
4158.255999999999 4.793690095539205e-05 -1.5708683172809046 9.584426879882812e-05 -1.5707600752459925 4.793690095539205e-05 7.190534961409867e-05 0.0 0.0 -0.0 0.0 0.0 0.0 0.002512203122278415 -0.3814005770878538 0.6941393549269832 1.5712602371946387 0.005188240800375441 0.0055139503275172695
4158.264 5.992112710373476e-05 -1.5708563963519495 4.8160552978515625e-05 -1.5707724730121058 3.5952674807049334e-05 5.992112710373476e-05 0.0 0.0 -0.0 0.0 0.0 0.0 0.0025223625382568213 -0.3814004984391013 0.6941393445882902 1.5712600669502037 0.005235460965801278 0.00546667441664651
4158.272 4.793690095539205e-05 -1.5708683172809046 6.008148193359375e-05 -1.5707481543170374 8.388957940042019e-05 7.190534961409867e-05 0.0 0.0 -0.0 0.0 0.0 0.0 0.0025315260133680724 -0.381400469198158 0.6941393252345145 1.5712601706875233 0.0052351679259242875 0.0055234554485931895
4158.28 8.388957940042019e-05 -1.5708444754229944 2.384185791015625e-05 -1.5707481543170374 5.992112710373476e-05 5.992112710373476e-05 0.0 0.0 -0.0 0.0 0.0 0.0 0.0025366688272153116 -0.3814003748905216 0.6941393551092687 1.5712599900318664 0.005263725259197261 0.005513676970850161
4158.288 4.793690095539205e-05 -1.5708563963519495 8.392333984375e-05 -1.5707481543170374 4.793690095539205e-05 7.190534961409867e-05 0.0 0.0 -0.0 0.0 0.0 0.0 0.0025082781596394246 -0.38140056823411295 0.6941393755914574 1.5712602229235524 0.005178867632424892 0.005523303551661589
4158.295999999999 7.190534961409867e-05 -1.5708444754229944 4.8160552978515625e-05 -1.570796314870016 4.793690095539205e-05 8.388957940042019e-05 0.0 0.0 -0.0 0.0 0.0 0.0 0.0025257248917265373 -0.38140043264582735 0.694139374791747 1.5712599839566317 0.005244816950057158 0.00549496171055012
4158.304 5.992112710373476e-05 -1.5708921591388147 6.008148193359375e-05 -1.5707724730121058 5.992112710373476e-05 8.388957940042019e-05 0.0 0.0 -0.0 0.0 0.0 0.0 0.002544649138710944 -0.3814004688431878 0.6941392626764693 1.5712602365768868 0.005254185277935951 0.0054856184937732986
4158.312 7.190534961409867e-05 -1.5708320776568812 4.8160552978515625e-05 -1.5707839171039026 7.190534961409867e-05 8.388957940042019e-05 0.0 0.0 -0.0 0.0 0.0 0.0 0.0025243941677781925 -0.3814003955477926 0.6941394071189317 1.571259936803553 0.005244154200424129 0.0055332708464800925
4158.32 4.793690095539205e-05 -1.5708563963519495 4.8160552978515625e-05 -1.5707600752459925 7.190534961409867e-05 5.992112710373476e-05 0.0 0.0 -0.0 0.0 0.0 0.0 0.00252640832394984 -0.38140046901566477 0.6941393452073822 1.5712600614557752 0.00524453039804635 0.005495255033468673
4158.3279999999995 4.793690095539205e-05 -1.5708683172809046 2.384185791015625e-05 -1.5707600752459925 5.992112710373476e-05 4.793690095539205e-05 0.0 0.0 -0.0 0.0 0.0 0.0 0.0025369010345310085 -0.38140045845713383 0.69413929325826 1.5712600592842985 0.005272988949641536 0.005447948593301927
4158.336 5.992112710373476e-05 -1.5708320776568812 3.5762786865234375e-05 -1.570808235798971 7.190534961409867e-05 5.992112710373476e-05 0.0 0.0 -0.0 0.0 0.0 0.0 0.0025255930609656514 -0.38140039518784785 0.6941393957514707 1.5712597860080324 0.005282402344502386 0.00547619394104668
4158.344 2.3968450477696024e-05 -1.570820156727926 4.8160552978515625e-05 -1.5707724730121058 8.388957940042019e-05 5.992112710373476e-05 0.0 0.0 -0.0 0.0 0.0 0.0 0.0025018957927793566 -0.38140050053474617 0.6941394381808905 1.5712599185495346 0.005216376895317199 0.005504573728295882
4158.352 8.388957940042019e-05 -1.5708683172809046 3.5762786865234375e-05 -1.5707724730121058 7.190534961409867e-05 0.0 0.0 0.0 -0.0 0.0 0.0 0.0 0.0025513389485345202 -0.38140035355970664 0.694139303301528 1.5712597765489298 0.005348685596789017 0.005447589767505681
4158.36 2.3968450477696024e-05 -1.5708444754229944 4.8160552978515625e-05 -1.5707724730121058 5.992112710373476e-05 7.190534961409867e-05 0.0 0.0 -0.0 0.0 0.0 0.0 0.002508634461324795 -0.3814005447178288 0.6941393754400635 1.5712600880767216 0.005207250799396439 0.005476050718874023
4158.3679999999995 8.388957940042019e-05 -1.5708444754229944 4.8160552978515625e-05 -1.570808235798971 4.793690095539205e-05 7.190534961409867e-05 0.0 0.0 -0.0 0.0 0.0 0.0 0.0025313114876887206 -0.38140039548981186 0.694139374514722 1.5712598817888743 0.005273011432320611 0.00548559937039559
4158.376 7.190534961409867e-05 -1.5708444754229944 6.008148193359375e-05 -1.5707600752459925 4.793690095539205e-05 3.5952674807049334e-05 0.0 0.0 -0.0 0.0 0.0 0.0 0.002519081614796233 -0.3814004695063224 0.6941393857077042 1.5712599535171186 0.005244654531224629 0.005495150730499173
4158.384 5.992112710373476e-05 -1.5708563963519495 4.8160552978515625e-05 -1.5707481543170374 5.992112710373476e-05 7.190534961409867e-05 0.0 0.0 -0.0 0.0 0.0 0.0 0.0025267389705653457 -0.38140046786417536 0.6941393453538672 1.5712601411820835 0.005225758539330644 0.005514020730537819
4158.392 9.58738019107841e-05 -1.5708563963519495 2.384185791015625e-05 -1.5707724730121058 9.58738019107841e-05 8.388957940042019e-05 0.0 0.0 -0.0 0.0 0.0 0.0 0.002559449250762728 -0.3814002624364944 0.6941393237897578 1.5712599412412638 0.005311001374364265 0.00554170318476073
4158.4 2.3968450477696024e-05 -1.5708563963519495 3.5762786865234375e-05 -1.5707724730121058 5.992112710373476e-05 8.388957940042019e-05 0.0 0.0 -0.0 0.0 0.0 0.0 0.0025187962826752576 -0.3814005280826302 0.6941393340763771 1.571260156537915 0.005216930873016907 0.005466354601243766
4158.407999999999 4.793690095539205e-05 -1.5708563963519495 0.00010776519775390625 -1.570796314870016 4.793690095539205e-05 5.992112710373476e-05 0.0 0.0 -0.0 0.0 0.0 0.0 0.002505271559880725 -0.38140057258561977 0.6941393948514522 1.5712600505424619 0.0052074019562610915 0.005494810113573971
4158.416 5.992112710373476e-05 -1.5708320776568812 8.392333984375e-05 -1.5707724730121058 3.5952674807049334e-05 3.5952674807049334e-05 0.0 0.0 -0.0 0.0 0.0 0.0 0.002498509510498961 -0.38140054717574645 0.694139437018977 1.5712599412029287 0.005207118712522867 0.005495062062004599
4158.424 4.793690095539205e-05 -1.5708802382098597 7.200241088867188e-05 -1.5707357565509241 9.58738019107841e-05 4.793690095539205e-05 0.0 0.0 -0.0 0.0 0.0 0.0 0.0025366030680691216 -0.3814004696149279 0.6941393053067864 1.5712601598570168 0.005253676289438592 0.005523798044064119
4158.432 3.5952674807049334e-05 -1.5708444754229944 8.392333984375e-05 -1.5707724730121058 8.388957940042019e-05 9.58738019107841e-05 0.0 0.0 -0.0 0.0 0.0 0.0 0.0025089882432257245 -0.38140051785523366 0.6941394064024151 1.5712601366574706 0.005188583353321144 0.005551231183099518
4158.44 3.5952674807049334e-05 -1.5708563963519495 7.200241088867188e-05 -1.5707481543170374 7.190534961409867e-05 8.388957940042019e-05 0.0 0.0 -0.0 0.0 0.0 0.0 0.002513711272637124 -0.3814005379084725 0.6941393659927113 1.5712602270627367 0.005188208825890613 0.005532769331536558
4158.447999999999 5.992112710373476e-05 -1.5708802382098597 7.200241088867188e-05 -1.5707600752459925 5.992112710373476e-05 7.190534961409867e-05 0.0 0.0 -0.0 0.0 0.0 0.0 0.0025335730899038057 -0.3814004923127083 0.6941393041193586 1.5712602083429397 0.005235140732597329 0.005504676623072766
4158.456 8.388957940042019e-05 -1.5708320776568812 8.392333984375e-05 -1.5707600752459925 5.992112710373476e-05 8.388957940042019e-05 0.0 0.0 -0.0 0.0 0.0 0.0 0.002513043327865851 -0.38140044964115216 0.6941394378298825 1.5712600519885216 0.0051973654098049 0.005580099900264916
4158.464 4.793690095539205e-05 -1.5708444754229944 3.5762786865234375e-05 -1.5707839171039026 3.5952674807049334e-05 5.992112710373476e-05 0.0 0.0 -0.0 0.0 0.0 0.0 0.0025159999741758195 -0.3814005057748011 0.6941393643890804 1.5712599983419187 0.005235400557672563 0.005447891858053203
4158.472 5.992112710373476e-05 -1.5708563963519495 7.200241088867188e-05 -1.5707724730121058 5.992112710373476e-05 5.992112710373476e-05 0.0 0.0 -0.0 0.0 0.0 0.0 0.002521700759769108 -0.3814004859224379 0.6941393652133496 1.5712600461374884 0.005235564576069712 0.005504251974009801
4158.48 4.793690095539205e-05 -1.5708320776568812 3.5762786865234375e-05 -1.5707724730121058 5.992112710373476e-05 7.190534961409867e-05 0.0 0.0 -0.0 0.0 0.0 0.0 0.002514750517237513 -0.3814004681763212 0.6941393966462205 1.5712599883956657 0.005226071806903445 0.005494862778571531
4158.487999999999 5.992112710373476e-05 -1.5708444754229944 8.392333984375e-05 -1.570808235798971 5.992112710373476e-05 7.190534961409867e-05 0.0 0.0 -0.0 0.0 0.0 0.0 0.002514728565069563 -0.3814004817766355 0.6941394051094316 1.5712599415037747 0.005235520893598171 0.00550430779011501
4158.496 8.388957940042019e-05 -1.5708444754229944 4.8160552978515625e-05 -1.5707600752459925 8.388957940042019e-05 5.992112710373476e-05 0.0 0.0 -0.0 0.0 0.0 0.0 0.002536880644240351 -0.381400356018805 0.6941393760713446 1.5712599302961379 0.005272818773636079 0.005542267012449284
4158.504 2.3968450477696024e-05 -1.5708563963519495 6.008148193359375e-05 -1.5707724730121058 8.388957940042019e-05 5.992112710373476e-05 0.0 0.0 -0.0 0.0 0.0 0.0 0.002517992294706309 -0.3814005160224549 0.694139355275438 1.5712600552972054 0.005235490521071141 0.005485485439357113
4158.512 5.992112710373476e-05 -1.5708444754229944 3.5762786865234375e-05 -1.5707724730121058 7.190534961409867e-05 5.992112710373476e-05 0.0 0.0 -0.0 0.0 0.0 0.0 0.0025292686033729565 -0.3814004153204652 0.6941393648785914 1.5712599450774332 0.005264049518459497 0.005494545029470395
4158.5199999999995 8.388957940042019e-05 -1.570820156727926 2.384185791015625e-05 -1.5707839171039026 7.190534961409867e-05 9.58738019107841e-05 0.0 0.0 -0.0 0.0 0.0 0.0 0.0025297532357892957 -0.38140033296553577 0.694139416815744 1.5712598891256717 0.005253875454428252 0.005542337855028313
4158.528 5.992112710373476e-05 -1.5708444754229944 3.5762786865234375e-05 -1.5707724730121058 8.388957940042019e-05 5.992112710373476e-05 0.0 0.0 -0.0 0.0 0.0 0.0 0.002532492941847611 -0.3814003929643073 0.6941393649692724 1.571259922208864 0.005273457302249927 0.00550396321765246
4158.536 3.5952674807049334e-05 -1.5708320776568812 7.200241088867188e-05 -1.5707724730121058 7.190534961409867e-05 5.992112710373476e-05 0.0 0.0 -0.0 0.0 0.0 0.0 0.002502596171859622 -0.38140052443062 0.6941394277678355 1.5712599843503552 0.0052070373567022965 0.005513946022855156
4158.544 2.3968450477696024e-05 -1.5708320776568812 3.5762786865234375e-05 -1.5707839171039026 5.992112710373476e-05 7.190534961409867e-05 0.0 0.0 -0.0 0.0 0.0 0.0 0.0025065841121721544 -0.38140052181450945 0.6941393963668588 1.571259995803429 0.005216230991114239 0.005467053389010205
4158.552 2.3968450477696024e-05 -1.570820156727926 3.5762786865234375e-05 -1.570796314870016 7.190534961409867e-05 5.992112710373476e-05 0.0 0.0 -0.0 0.0 0.0 0.0 0.002504400503080062 -0.38140049266893505 0.6941394267223863 1.5712598517418002 0.005235427612105474 0.005466685441092152
4158.5599999999995 4.793690095539205e-05 -1.5708320776568812 7.200241088867188e-05 -1.570808235798971 2.3968450477696024e-05 8.388957940042019e-05 0.0 0.0 -0.0 0.0 0.0 0.0 0.002497317027514128 -0.38140056282570983 0.6941394263244336 1.571260017406083 0.005188083586407353 0.005476418581819345
4158.568 4.793690095539205e-05 -1.570796314870016 7.200241088867188e-05 -1.5707600752459925 5.992112710373476e-05 9.58738019107841e-05 0.0 0.0 -0.0 0.0 0.0 0.0 0.0024834930291845795 -0.38140052463165164 0.6941395187797109 1.5712600226724558 0.005140965655715468 0.005579992187907861
4158.576 1.1984225238848012e-05 -1.5708320776568812 7.200241088867188e-05 -1.5707839171039026 4.793690095539205e-05 4.793690095539205e-05 0.0 0.0 -0.0 0.0 0.0 0.0 0.0024879810889525166 -0.38140062207650893 0.6941394270657927 1.5712599974119874 0.005187796121307789 0.005457889493090114
4158.584 5.992112710373476e-05 -1.570796314870016 3.5762786865234375e-05 -1.570796314870016 8.388957940042019e-05 5.992112710373476e-05 0.0 0.0 -0.0 0.0 0.0 0.0 0.0025084084373232576 -0.3814003807448402 0.6941394878943214 1.5712596798493341 0.0052543509803502485 0.005523058891455424
4158.592 2.3968450477696024e-05 -1.570796314870016 4.8160552978515625e-05 -1.5707600752459925 5.992112710373476e-05 7.190534961409867e-05 0.0 0.0 -0.0 0.0 0.0 0.0 0.002481461906068106 -0.3814005523008747 0.6941394987913325 1.5712599625184993 0.00515967748858094 0.00552360791157567
4158.599999999999 3.5952674807049334e-05 -1.5708320776568812 3.5762786865234375e-05 -1.5707724730121058 9.58738019107841e-05 4.793690095539205e-05 0.0 0.0 -0.0 0.0 0.0 0.0 0.0025198527407025743 -0.3814004314497295 0.6941393970381871 1.5712598613246884 0.00526371022126721 0.005494885018116476
4158.608 3.5952674807049334e-05 -1.570796314870016 6.008148193359375e-05 -1.5707839171039026 9.58738019107841e-05 5.992112710373476e-05 0.0 0.0 -0.0 0.0 0.0 0.0 0.0024941820925467153 -0.38140045799235534 0.6941395092218055 1.5712597659546337 0.005216103469132834 0.005542508373632155
4158.616 3.5952674807049334e-05 -1.5708320776568812 2.384185791015625e-05 -1.5707724730121058 5.992112710373476e-05 7.190534961409867e-05 0.0 0.0 -0.0 0.0 0.0 0.0 0.0025137349553230647 -0.3814004823703361 0.694139386404642 1.5712599984916291 0.005226012584613925 0.00547608141330392
4158.624 3.5952674807049334e-05 -1.570820156727926 3.5762786865234375e-05 -1.5707724730121058 5.992112710373476e-05 7.190534961409867e-05 0.0 0.0 -0.0 0.0 0.0 0.0 0.002503715342534153 -0.3814004984905795 0.6941394272005789 1.5712599698383034 0.005207291608557752 0.005494813481564066
4158.632 5.992112710373476e-05 -1.5707839171039026 2.384185791015625e-05 -1.5707839171039026 4.793690095539205e-05 7.190534961409867e-05 0.0 0.0 -0.0 0.0 0.0 0.0 0.0024945112521538343 -0.38140043917843414 0.6941395090876887 1.5712597748743837 0.005206590167319598 0.005514317284396193
4158.639999999999 8.388957940042019e-05 -1.5707839171039026 -1.1746083394825746e-05 -1.570796314870016 5.992112710373476e-05 5.992112710373476e-05 0.0 0.0 -0.0 0.0 0.0 0.0 0.0025185471418345253 -0.3814003017663533 0.6941394786334895 1.5712595890224106 0.005281912876491529 0.005495435066649605
4158.648 2.3968450477696024e-05 -1.570808235798971 4.8160552978515625e-05 -1.5707839171039026 5.992112710373476e-05 7.190534961409867e-05 0.0 0.0 -0.0 0.0 0.0 0.0 0.0024899579042775132 -0.3814005385763837 0.6941394679519834 1.5712599265185914 0.005187770775309388 0.00549552175471099
4158.656 4.793690095539205e-05 -1.570808235798971 0.0 -1.5707724730121058 3.5952674807049334e-05 5.992112710373476e-05 0.0 0.0 -0.0 0.0 0.0 0.0 0.0025060387528804485 -0.38140046530593735 0.6941394268960045 1.5712598751830817 0.005226009299267249 0.005457226809474747
4158.664 7.190534961409867e-05 -1.570796314870016 2.384185791015625e-05 -1.5707724730121058 8.388957940042019e-05 0.00011984225420746952 0.0 0.0 -0.0 0.0 0.0 0.0 0.0025145028400542684 -0.3814003483076364 0.6941394783787056 1.571259925039273 0.005207318186111801 0.0055888776101693325
4158.672 7.190534961409867e-05 -1.570808235798971 2.384185791015625e-05 -1.570796314870016 7.190534961409867e-05 3.5952674807049334e-05 0.0 0.0 -0.0 0.0 0.0 0.0 0.002519774499130804 -0.3814003565705259 0.6941394470428669 1.5712596274257493 0.005291909636653544 0.005485497861946533
4158.679999999999 5.992112710373476e-05 -1.570796314870016 3.5762786865234375e-05 -1.570796314870016 5.992112710373476e-05 7.190534961409867e-05 0.0 0.0 -0.0 0.0 0.0 0.0 0.002501959762069612 -0.3814004254184221 0.6941394875561702 1.571259766203219 0.005226120284039228 0.005513633293503194
4158.688 3.5952674807049334e-05 -1.570796314870016 3.5762786865234375e-05 -1.5707724730121058 5.992112710373476e-05 4.793690095539205e-05 0.0 0.0 -0.0 0.0 0.0 0.0 0.0024907865713253686 -0.3814004988990522 0.6941394880781115 1.5712598076883868 0.0052073918775488405 0.005494714888125438
4158.696 5.992112710373476e-05 -1.5707839171039026 3.5762786865234375e-05 -1.5707839171039026 9.58738019107841e-05 5.992112710373476e-05 0.0 0.0 -0.0 0.0 0.0 0.0 0.002503853373830414 -0.38140036583249376 0.6941395201273356 1.5712596543832829 0.005244280449095995 0.005551949840637033
4158.704 4.793690095539205e-05 -1.570820156727926 6.008148193359375e-05 -1.570820156727926 4.793690095539205e-05 9.58738019107841e-05 0.0 0.0 -0.0 0.0 0.0 0.0 0.0025018723529887147 -0.3814004959608752 0.6941394466914471 1.5712599205180682 0.005206839130602849 0.005495294260810883
4158.7119999999995 3.5952674807049334e-05 -1.5707724730121058 3.5762786865234375e-05 -1.570796314870016 7.190534961409867e-05 5.992112710373476e-05 0.0 0.0 -0.0 0.0 0.0 0.0 0.002483113748115863 -0.38140046344520084 0.6941395484198288 1.571259665689562 0.005207382800625665 0.0055135421055724785
4158.72 4.793690095539205e-05 -1.5707600752459925 6.008148193359375e-05 -1.570820156727926 7.190534961409867e-05 5.992112710373476e-05 0.0 0.0001917476038215682 -0.0 0.0 0.0 0.0 0.002475740520953563 -0.3814004528612532 0.6941395997019899 1.5712595482806242 0.005206700488626172 0.005533080136687071
4158.728 4.793690095539205e-05 -1.5707481543170374 3.5762786865234375e-05 -1.570796314870016 7.190534961409867e-05 5.992112710373476e-05 0.0 0.0001917476038215682 -0.0 0.0 0.0 0.0 0.002474497187761203 -0.3814004342340923 0.6941396100107639 1.5712595599487027 0.005197693392055983 0.00554205028354235
4158.736 3.5952674807049334e-05 -1.5707600752459925 0.0 -1.5707724730121058 4.793690095539205e-05 0.000107858024421148 0.0 0.0001917476038215682 -0.0 0.0 0.0 0.0 0.002478576182778162 -0.38140047397368954 0.6941395496902409 1.5712598702216278 0.005150506736606981 0.00553269766339838
4158.744 4.793690095539205e-05 -1.5707600752459925 4.8160552978515625e-05 -1.570808235798971 4.793690095539205e-05 9.58738019107841e-05 0.0 0.0001917476038215682 -0.0 0.0 0.0 0.0 0.002471831268140417 -0.3814004882450267 0.6941395894213931 1.571259741275827 0.005159631356448209 0.005542467840243898
4158.7519999999995 5.992112710373476e-05 -1.570808235798971 1.1920928955078125e-05 -1.5707724730121058 7.190534961409867e-05 4.793690095539205e-05 0.0 0.0001917476038215682 -0.0 0.0 0.0 0.0 0.002516727327895873 -0.381400384410403 0.6941394374524872 1.5712597562091346 0.005263706999221252 0.005494851953765684
4158.76 4.793690095539205e-05 -1.5707600752459925 2.384185791015625e-05 -1.570796314870016 5.992112710373476e-05 8.388957940042019e-05 0.0 0.0001917476038215682 -0.0 0.0 0.0 0.0 0.0024812924662198426 -0.38140044027284903 0.6941395695634793 1.5712596923083848 0.005188176318023889 0.005532721583540427
4158.768 4.793690095539205e-05 -1.5707600752459925 4.8160552978515625e-05 -1.570808235798971 8.388957940042019e-05 7.190534961409867e-05 0.0 0.0001917476038215682 -0.0 0.0 0.0 0.0 0.0024815042821987954 -0.38140042140858255 0.694139590283733 1.5712595919626653 0.005206684974595065 0.005551900842262957
4158.776 5.992112710373476e-05 -1.5707600752459925 -1.1746083394825746e-05 -1.5707839171039026 2.3968450477696024e-05 8.388957940042019e-05 0.0 0.0001917476038215682 -0.0 0.0 0.0 0.0 0.002485747341227014 -0.38140043656968975 0.6941395392001881 1.5712597424226933 0.005187560156811375 0.005495640301751104
4158.784 5.992112710373476e-05 -1.5707724730121058 4.8160552978515625e-05 -1.570796314870016 2.3968450477696024e-05 7.190534961409867e-05 0.0 0.0001917476038215682 -0.0 0.0 0.0 0.0 0.0024756605378783115 -0.38140050949833804 0.6941395577274326 1.5712597664380585 0.005169436722808504 0.005513847109793192
4158.7919999999995 5.992112710373476e-05 -1.5707600752459925 4.8160552978515625e-05 -1.570796314870016 5.992112710373476e-05 8.388957940042019e-05 0.0 0.0001917476038215682 -0.0 0.0 0.0 0.0 0.0024786105897807355 -0.38140044315121946 0.6941395899385381 1.5712596949774424 0.005178505326388079 0.0055612483681850185
4158.8 4.793690095539205e-05 -1.5707362333880823 3.5762786865234375e-05 -1.570796314870016 5.992112710373476e-05 7.190534961409867e-05 0.0 0.0001917476038215682 -0.0 0.0 0.0 0.0 0.002464808463130812 -0.3814004567944019 0.694139639722482 1.5712595823138251 0.005169505478869911 0.005551404347299828
4158.808 3.5952674807049334e-05 -1.5707123915301722 0.0 -1.5707724730121058 5.992112710373476e-05 4.793690095539205e-05 0.0 0.0001917476038215682 -0.0 0.0 0.0 0.0 0.002455942971643069 -0.3814004525886735 0.6941396703395212 1.5712594832018454 0.00516953018666557 0.005532507876023533
4158.816 7.190534961409867e-05 -1.5707481543170374 2.384185791015625e-05 -1.5707839171039026 5.992112710373476e-05 9.58738019107841e-05 0.0 0.00036432043998502195 -0.0 0.0 0.0 0.0 0.0024829132172137633 -0.3814003882485424 0.6941395999581567 1.5712596878393392 0.005178487865162732 0.005580052207696113
4158.824 4.793690095539205e-05 -1.570688549672262 4.8160552978515625e-05 -1.5707839171039026 7.190534961409867e-05 8.388957940042019e-05 0.0 0.00036432043998502195 -0.0 0.0 0.0 0.0 0.0024374213696973096 -0.38140045933435684 0.6941397699439016 1.5712594863520213 0.005112569194924065 0.0056271614489550245
4158.831999999999 3.5952674807049334e-05 -1.5707123915301722 3.5762786865234375e-05 -1.570796314870016 5.992112710373476e-05 9.58738019107841e-05 0.0 0.00036432043998502195 -0.0 0.0 0.0 0.0 0.002447308897363407 -0.3814004867138905 0.6941396995634264 1.5712596016897435 0.005122530010237039 0.005579538067025769
4158.84 7.190534961409867e-05 -1.570688549672262 3.5762786865234375e-05 -1.5707724730121058 4.793690095539205e-05 5.992112710373476e-05 0.0 0.00036432043998502195 -0.0 0.0 0.0 0.0 0.0024428365363960225 -0.3814004353651744 0.6941397588057513 1.5712594354763183 0.005132154926836287 0.005607567516383809
4158.848 4.793690095539205e-05 -1.570688549672262 4.8160552978515625e-05 -1.570808235798971 7.190534961409867e-05 7.190534961409867e-05 0.0 0.00036432043998502195 -0.0 0.0 0.0 0.0 0.002439493613956349 -0.3814004454150402 0.6941397695579057 1.5712593683670926 0.0051410871780682805 0.005598651489984688
4158.856 1.1984225238848012e-05 -1.570700470601217 0.0 -1.570808235798971 5.992112710373476e-05 9.58738019107841e-05 0.0 0.00036432043998502195 -0.0 0.0 0.0 0.0 0.0024433844238181297 -0.3814004910334372 0.694139699629342 1.5712595300824164 0.0051317666830269625 0.005532603866885511
4158.864 4.793690095539205e-05 -1.5706642309771937 6.008148193359375e-05 -1.570820156727926 5.992112710373476e-05 8.388957940042019e-05 0.0 0.000862864195369184 -0.0 0.0 0.0 0.0 0.002420542498577351 -0.3814004774028604 0.6941398388427646 1.5712593210422543 0.005103167823937177 0.005617749741528445
4158.871999999999 7.190534961409867e-05 -1.5706523100482386 3.5762786865234375e-05 -1.5707839171039026 5.992112710373476e-05 7.190534961409867e-05 0.0 0.000862864195369184 -0.0 0.0 0.0 0.0 0.002427384302951717 -0.38140040780056694 0.6941398491207952 1.5712592897228295 0.0051126675441752 0.00564586749669909
4158.88 8.388957940042019e-05 -1.5707123915301722 1.1920928955078125e-05 -1.5707839171039026 7.190534961409867e-05 8.388957940042019e-05 0.0 0.000862864195369184 -0.0 0.0 0.0 0.0 0.002474870407739079 -0.3814003215264235 0.6941396804572122 1.5712594676425158 0.005187986942097228 0.005608184220088004
4158.888 5.992112710373476e-05 -1.5706642309771937 3.5762786865234375e-05 -1.5707839171039026 7.190534961409867e-05 7.190534961409867e-05 0.0 0.000862864195369184 -0.0 0.0 0.0 0.0 0.0024325022422384763 -0.3814004141874372 0.6941398202747565 1.5712593285656409 0.00512202513482181 0.005636513430823961
4158.896 7.190534961409867e-05 -1.5707123915301722 3.5762786865234375e-05 -1.5707724730121058 8.388957940042019e-05 8.388957940042019e-05 0.0 0.000862864195369184 -0.0 0.0 0.0 0.0 0.0024654383264247686 -0.3814003674245571 0.6941397009479658 1.571259526788158 0.005160278006980176 0.0056359206666295805
4158.9039999999995 3.5952674807049334e-05 -1.570688549672262 3.5762786865234375e-05 -1.570820156727926 5.992112710373476e-05 8.388957940042019e-05 0.0 0.0007286408799700439 -0.0 0.0 0.0 0.0 0.002436411731838179 -0.38140047349979467 0.6941397587446815 1.571259402689741 0.005131943419809575 0.005570125552844439
4158.912 7.190534961409867e-05 -1.5706642309771937 3.5762786865234375e-05 -1.570796314870016 7.190534961409867e-05 8.388957940042019e-05 0.0 0.0006327670998871326 -0.0 0.0 0.0 0.0 0.002438129467575673 -0.3814003778869788 0.6941398200968648 1.5712593071943668 0.005131763894450576 0.0056455981435431105
4158.92 7.190534961409867e-05 -1.5706761519061487 4.8160552978515625e-05 -1.5707839171039026 5.992112710373476e-05 7.190534961409867e-05 0.0 0.0005560680292546749 -0.0 0.0 0.0 0.0 0.0024366156447881634 -0.38140042361330817 0.6941398001236655 1.5712593843777416 0.005121667336734366 0.005636889970442195
4158.928 0.0 -1.5706642309771937 1.1920928955078125e-05 -1.570808235798971 5.992112710373476e-05 7.190534961409867e-05 0.0 0.0004793690168298781 -0.0 0.0 0.0 0.0 0.002415606661861103 -0.3814005359894543 0.6941397999522281 1.5712593582147865 0.005103356181839429 0.005542201007986657
4158.936 8.388957940042019e-05 -1.5706761519061487 2.384185791015625e-05 -1.5707724730121058 4.793690095539205e-05 9.58738019107841e-05 0.0 0.0004410194815136492 -0.00011984225420746952 0.0 0.0 0.0 0.002444239590253468 -0.381400390510426 0.6941397799269845 1.571259479076076 0.005112941094805753 0.005645575953545486
4158.9439999999995 4.793690095539205e-05 -1.5706642309771937 2.384185791015625e-05 -1.570796314870016 5.992112710373476e-05 5.992112710373476e-05 0.0 0.0004026699753012508 -0.00011984225420746952 0.0 0.0 0.0 0.002429318783706291 -0.3814004425359622 0.6941398098328572 1.5712592822358527 0.005131711970563547 0.005589166272406667
4158.952 2.3968450477696024e-05 -1.5706403891192835 3.5762786865234375e-05 -1.5707839171039026 8.388957940042019e-05 3.5952674807049334e-05 0.0 0.00036432043998502195 -0.00011984225420746952 0.0 0.0 0.0 0.00240908543355258 -0.3814004794086856 0.6941398799483083 1.571259166558689 0.0051127027339143705 0.005608189906601729
4158.96 5.992112710373476e-05 -1.5706284681903284 2.384185791015625e-05 -1.570820156727926 3.5952674807049334e-05 5.992112710373476e-05 0.0 0.0003451456723269075 -0.00011984225420746952 0.0 0.0 0.0 0.0024100793373429946 -0.3814004453193205 0.6941398967660808 1.5712591077618578 0.005112944865648929 0.005589100411447373
4158.968 4.793690095539205e-05 -1.5706165472613733 6.008148193359375e-05 -1.5707839171039026 7.190534961409867e-05 4.793690095539205e-05 0.0 0.0003451456723269075 -0.00011984225420746952 0.0 0.0 0.0 0.0023948212218578846 -0.3814004769916247 0.6941399571903262 1.5712591282709312 0.005074894011689697 0.005664843002132746
4158.976 4.793690095539205e-05 -1.5706165472613733 4.8160552978515625e-05 -1.570808235798971 5.992112710373476e-05 4.793690095539205e-05 0.0 0.0003451456723269075 -0.00011984225420746952 0.0 0.0 0.0 0.002397224359075919 -0.38140046939274425 0.6941399467643854 1.5712590630740018 0.005093945047284165 0.005626955046229034
4158.9839999999995 3.5952674807049334e-05 -1.5706761519061487 3.5762786865234375e-05 -1.570796314870016 4.793690095539205e-05 7.190534961409867e-05 0.0 0.0003451456723269075 -0.00011984225420746952 0.0 0.0 0.0 0.0024244328162018993 -0.3814005095352729 0.6941397893748324 1.5712594201314378 0.005103482893019167 0.005579757210901822
4158.992 4.793690095539205e-05 -1.5706642309771937 4.8160552978515625e-05 -1.570820156727926 5.992112710373476e-05 8.388957940042019e-05 0.0 0.0003451456723269075 -0.00011984225420746952 0.0 0.0 0.0 0.002424097728013837 -0.3814004614445425 0.6941398292359405 1.5712593093053038 0.005112523797090632 0.005608379147490298
4159.0 5.992112710373476e-05 -1.5706403891192835 3.5762786865234375e-05 -1.570796314870016 5.992112710373476e-05 8.388957940042019e-05 0.0 0.0003451456723269075 -0.00011984225420746952 0.0 0.0 0.0 0.0024174055631489898 -0.3814004301134902 0.6941398784119623 1.571259269777296 0.005094210919817025 0.005645492136131511
4159.008 7.190534961409867e-05 -1.5706403891192835 4.8160552978515625e-05 -1.570796314870016 8.388957940042019e-05 8.388957940042019e-05 0.0 0.0003451456723269075 -0.00011984225420746952 0.0 0.0 0.0 0.0024247275868327194 -0.3814003730501361 0.6941398897582935 1.571259212907122 0.00511271146321754 0.005683484688842377
4159.016 3.5952674807049334e-05 -1.5706403891192835 2.384185791015625e-05 -1.5707839171039026 4.793690095539205e-05 4.793690095539205e-05 0.0 0.0003451456723269075 -0.00011984225420746952 0.0 0.0 0.0 0.0024075384372376934 -0.38140050131448533 0.694139868279659 1.5712592451383918 0.005093835419891435 0.005589386319506119
4159.023999999999 3.5952674807049334e-05 -1.5706403891192835 1.1920928955078125e-05 -1.570808235798971 3.5952674807049334e-05 4.793690095539205e-05 0.0 0.0003451456723269075 -0.00011984225420746952 0.0 0.0 0.0 0.002409941572360507 -0.38140049366715534 0.6941398579430975 1.5712591786195738 0.005112886451683301 0.00555149836253467
4159.032 4.793690095539205e-05 -1.5706642309771937 2.384185791015625e-05 -1.570820156727926 5.992112710373476e-05 4.793690095539205e-05 0.0 0.0003451456723269075 -0.00011984225420746952 0.0 0.0 0.0 0.002431350395708314 -0.38140042888963527 0.6941398095066013 1.5712591653415993 0.005159855380928466 0.005561030809064604
4159.04 4.793690095539205e-05 -1.5706403891192835 3.5762786865234375e-05 -1.5707839171039026 3.5952674807049334e-05 8.388957940042019e-05 0.0 0.0003451456723269075 -0.00011984225420746952 0.0 0.0 0.0 0.0024053296590088 -0.3814005105942109 0.6941398771011955 1.5712593782142876 0.005056241457049932 0.005626981836314388
4159.048 4.793690095539205e-05 -1.5706284681903284 6.008148193359375e-05 -1.570820156727926 7.190534961409867e-05 7.190534961409867e-05 0.0 0.0003451456723269075 -0.00011984225420746952 0.0 0.0 0.0 0.002404373663540134 -0.38140045596796374 0.6941399276173067 1.57125913343226 0.0050938957331401755 0.0056458415527384335
4159.056 7.190534961409867e-05 -1.5706284681903284 1.1920928955078125e-05 -1.5707839171039026 4.793690095539205e-05 7.190534961409867e-05 0.0 0.0003451456723269075 -0.00011984225420746952 0.0 0.0 0.0 0.0024183416422561086 -0.381400398903276 0.6941398880771688 1.5712592075419833 0.005103241701648485 0.005636431069948296
4159.063999999999 4.793690095539205e-05 -1.5706403891192835 4.8160552978515625e-05 -1.570808235798971 5.992112710373476e-05 8.388957940042019e-05 0.0 0.00032597093377262354 -0.0 0.0 0.0 0.0 0.0024101531412426807 -0.3814004688302981 0.6941398882265256 1.5712592649377468 0.0050844296539142965 0.005636464434052071
4159.072 3.5952674807049334e-05 -1.5706284681903284 4.8160552978515625e-05 -1.570796314870016 5.992112710373476e-05 7.190534961409867e-05 0.0 0.0003067961661145091 -0.0 0.0 0.0 0.0 0.002398102154595052 -0.3814005047014738 0.6941399176300278 1.571259243187527 0.005065700456337029 0.00563636669441082
4159.08 4.793690095539205e-05 -1.5706165472613733 7.200241088867188e-05 -1.570808235798971 5.992112710373476e-05 7.190534961409867e-05 0.0 0.00028762139845639467 -0.0 0.0 0.0 0.0 0.0023901138991801046 -0.3814005013092674 0.6941399655723791 1.5712591655793449 0.005056402840149285 0.005664517784884552
4159.088 2.3968450477696024e-05 -1.570592228566305 2.384185791015625e-05 -1.5707724730121058 8.388957940042019e-05 5.992112710373476e-05 0.0 0.00026844663079828024 -0.0 0.0 0.0 0.0 0.0023855493488601984 -0.38140047057279747 0.6941399889196045 1.5712591026978677 0.005056404260603827 0.005664449052376531
4159.096 5.992112710373476e-05 -1.5706165472613733 4.8160552978515625e-05 -1.570796314870016 5.992112710373476e-05 4.793690095539205e-05 0.0 0.00024927189224399626 -0.0 0.0 0.0 0.0 0.0024007793424530707 -0.381400447471794 0.6941399468483175 1.5712590800370725 0.005093996101467227 0.005645728167689453
4159.103999999999 5.992112710373476e-05 -1.5705445448504847 3.5762786865234375e-05 -1.5707724730121058 4.793690095539205e-05 5.992112710373476e-05 0.0 0.00024927189224399626 -0.0 0.0 0.0 0.0 0.0023601759016520342 -0.3814004689457435 0.6941401110728065 1.5712589579915186 0.0050096105081995175 0.005711243316144497
4159.112 2.3968450477696024e-05 -1.5705683867083948 8.392333984375e-05 -1.5707839171039026 5.992112710373476e-05 4.793690095539205e-05 0.0 0.00024927189224399626 -0.0 0.0 0.0 0.0 0.0023492286987887648 -0.3814005887392674 0.6941400916898662 1.5712590486890694 0.004990109298229951 0.005693164797617389
4159.12 4.793690095539205e-05 -1.570592228566305 7.200241088867188e-05 -1.570808235798971 3.5952674807049334e-05 7.190534961409867e-05 0.0 0.0021092237439006567 -0.0 0.0 0.0 0.0 0.0023704778628674985 -0.3814005463241017 0.6941400229795811 1.57125912917896 0.005018482671360257 0.005664778824426801
4159.128 4.793690095539205e-05 -1.5705326239215296 3.5762786865234375e-05 -1.570796314870016 5.992112710373476e-05 9.58738019107841e-05 0.0 0.0021092237439006567 -0.0 0.0 0.0 0.0 0.0023543966685923676 -0.38140046159819496 0.6941401408399154 1.5712589546779572 0.004990720979616387 0.00573011982507723
4159.1359999999995 3.5952674807049334e-05 -1.5705207029925745 -1.1746083394825746e-05 -1.570796314870016 5.992112710373476e-05 9.58738019107841e-05 0.0 0.002550243167206645 -0.0 0.0 0.0 0.0 0.0023575302625067716 -0.3814004265616251 0.6941401327297617 1.571258888678442 0.005009227446041424 0.005692725573915833
4159.144 4.793690095539205e-05 -1.5704968611346644 4.8160552978515625e-05 -1.5707839171039026 3.5952674807049334e-05 7.190534961409867e-05 0.0 0.0031254859641194344 -0.0 0.0 0.0 0.0 0.0023238009310342514 -0.3814005305743202 0.6941402334481244 1.571258851033372 0.004943171758356606 0.005740028577943942
4159.152 2.3968450477696024e-05 -1.5704129377948206 2.384185791015625e-05 -1.5707839171039026 9.58738019107841e-05 8.388957940042019e-05 0.0 0.0037007287610322237 -0.0 0.0 0.0 0.0 0.0022925243660058 -0.38140044366268955 0.6941404202461007 1.571258486835155 0.004915121725695339 0.005824497399483339
4159.16 3.5952674807049334e-05 -1.5703766981707972 4.8160552978515625e-05 -1.5707600752459925 5.992112710373476e-05 7.190534961409867e-05 0.0 0.004122573416680098 -0.0 0.0 0.0 0.0 0.002258486087999015 -0.3814005297024192 0.6941405177873766 1.5712584709399178 0.0048394446436803035 0.005862542440519315
4159.168 4.793690095539205e-05 -1.570340935383932 6.008148193359375e-05 -1.570796314870016 5.992112710373476e-05 7.190534961409867e-05 0.0 0.004601942375302315 -0.0 0.0 0.0 0.0 0.0022431964997027165 -0.3814004986660927 0.6941406093215287 1.571258221910362 0.004839875821654567 0.005880946671102584
4159.1759999999995 3.5952674807049334e-05 -1.570340935383932 6.008148193359375e-05 -1.570808235798971 4.793690095539205e-05 9.58738019107841e-05 0.0 0.0046786414459347725 -0.0 0.0 0.0 0.0 0.0022364171776549247 -0.381400540911808 0.6941406078523713 1.5712583067314358 0.004811586729425282 0.005871576928365705
4159.184 5.992112710373476e-05 -1.5702689329730433 6.008148193359375e-05 -1.5708320776568812 4.793690095539205e-05 5.992112710373476e-05 0.0 0.004832039587199688 -0.0 0.0 0.0 0.0 0.002208545391699927 -0.3814004756894229 0.6941407721193137 1.5712578222542786 0.0048208261214338 0.005899984690252547
4159.192 4.793690095539205e-05 -1.5702570120440882 4.8160552978515625e-05 -1.570820156727926 5.992112710373476e-05 8.388957940042019e-05 0.0 0.004544418305158615 -0.0 0.0 0.0 0.0 0.0022032739653942753 -0.38140047103569696 0.6941407924117163 1.5712578764390064 0.004792615304448875 0.0059281668646786806
4159.2 5.992112710373476e-05 -1.5702088514911097 8.392333984375e-05 -1.5707839171039026 5.992112710373476e-05 4.793690095539205e-05 0.0 0.003585680155083537 -0.0 0.0 0.0 0.0 0.002167974820149579 -0.3814005148283288 0.6941409230986019 1.5712577127469045 0.0047359063886721516 0.006003738946438639
4159.208 3.5952674807049334e-05 -1.570148770009176 6.008148193359375e-05 -1.5707839171039026 7.190534961409867e-05 7.190534961409867e-05 0.0 0.003585680155083537 -0.0 0.0 0.0 0.0 0.002136587448929264 -0.38140051363287364 0.6941410422262462 1.5712575617261615 0.004679165878067979 0.006041597684801605
4159.215999999999 4.793690095539205e-05 -1.5701611677752894 7.200241088867188e-05 -1.570796314870016 4.793690095539205e-05 9.58738019107841e-05 0.0 0.002416019793599844 -0.0 0.0 0.0 0.0 0.002138933749879157 -0.38140054108812504 0.6941410185014345 1.571257689904679 0.004661057579064505 0.006040891532475676
4159.224 3.5952674807049334e-05 -1.5701611677752894 -1.1746083394825746e-05 -1.5707839171039026 4.793690095539205e-05 9.58738019107841e-05 0.0 0.002416019793599844 -0.0 0.0 0.0 0.0 0.0021582832220068005 -0.38140046196954525 0.6941409630327455 1.5712576759291554 0.00470763248189101 0.005975386028545015
4159.232 4.793690095539205e-05 -1.5701373259173792 4.8160552978515625e-05 -1.5707839171039026 7.190534961409867e-05 5.992112710373476e-05 0.0 0.001859951764345169 -0.0 0.0 0.0 0.0 0.0021385076443514515 -0.3814004723112956 0.6941410595493068 1.571257454256517 0.004698361744662298 0.006041214092578062
4159.24 2.3968450477696024e-05 -1.5701373259173792 6.008148193359375e-05 -1.5707839171039026 8.388957940042019e-05 7.190534961409867e-05 0.0 0.0013038837350904942 -0.0 0.0 0.0 0.0 0.0021290351693832037 -0.3814005170914509 0.6941410696967695 1.5712575112298666 0.00467016808101541 0.0060505920756134335
4159.248 7.190534961409867e-05 -1.5701611677752894 6.008148193359375e-05 -1.570808235798971 7.190534961409867e-05 5.992112710373476e-05 0.0 0.000997087568975985 -0.0 0.0 0.0 0.0 0.0021590950405109837 -0.3814004221495456 0.6941410157312476 1.5712574389171339 0.004745668969484499 0.006031584134602666
4159.255999999999 8.388957940042019e-05 -1.570113484059469 6.008148193359375e-05 -1.5707839171039026 5.992112710373476e-05 7.190534961409867e-05 0.0 0.0008245147182606161 -0.0 0.0 0.0 0.0 0.0021325116325929556 -0.381400434683435 0.694141116771923 1.5712573887012098 0.0046796984163871 0.00609753258644091
4159.264 3.5952674807049334e-05 -1.5701611677752894 4.8160552978515625e-05 -1.5708320776568812 5.992112710373476e-05 4.793690095539205e-05 0.0 0.000690291344653815 -0.0 0.0 0.0 0.0 0.002147745183309501 -0.3814004922311117 0.6941410063890369 1.5712573997804469 0.004745514992760181 0.0059564275224181975
4159.272 7.190534961409867e-05 -1.570148770009176 4.8160552978515625e-05 -1.570796314870016 7.190534961409867e-05 0.000107858024421148 0.0 0.0005944175645709038 -0.0 0.0 0.0 0.0 0.0021549114877640976 -0.38140041340636754 0.6941410348301396 1.5712575736152683 0.004698260717853196 0.006078954947799824
4159.28 3.5952674807049334e-05 -1.5701373259173792 6.008148193359375e-05 -1.5707839171039026 7.190534961409867e-05 9.58738019107841e-05 0.0 0.000517718552146107 -0.0 0.0 0.0 0.0 0.0021303816204716287 -0.38140051382719625 0.6941410672844858 1.5712575958710244 0.004651345228509115 0.00606940625909814
4159.288 1.1984225238848012e-05 -1.5701611677752894 0.00010776519775390625 -1.570808235798971 7.190534961409867e-05 9.58738019107841e-05 0.0 0.00046019424917176366 -0.0 0.0 0.0 0.0 0.0021220201559230168 -0.3814006141594042 0.6941410466860104 1.5712576830923275 0.004632923824283744 0.006050244952619546
4159.295999999999 4.793690095539205e-05 -1.570113484059469 6.008148193359375e-05 -1.570808235798971 4.793690095539205e-05 4.793690095539205e-05 0.0 0.0004218447138555348 -0.0 0.0 0.0 0.0 0.0021176471706992736 -0.3814005194269636 0.6941411152700379 1.571257319754721 0.004679978151512295 0.006021961283573825
4159.304 2.3968450477696024e-05 -1.570148770009176 4.8160552978515625e-05 -1.570808235798971 7.190534961409867e-05 7.190534961409867e-05 0.0 0.0004026699753012508 -0.0 0.0 0.0 0.0 0.002137644138277584 -0.38140050946930715 0.6941410351829406 1.5712574960925298 0.004698209488956291 0.006003717100591557
4159.312 4.793690095539205e-05 -1.570124928151266 4.8160552978515625e-05 -1.5707839171039026 7.190534961409867e-05 7.190534961409867e-05 0.0 0.0004026699753012508 -0.0 0.0 0.0 0.0 0.0021317846632979832 -0.38140047260237286 0.6941410866596658 1.5712574473334735 0.004679207021442481 0.00606036079471186
4159.32 2.3968450477696024e-05 -1.5701611677752894 7.200241088867188e-05 -1.5707600752459925 7.190534961409867e-05 8.388957940042019e-05 0.0 0.0004026699753012508 -0.0 0.0 0.0 0.0 0.0021331527934276623 -0.3814005685504904 0.6941410219868663 1.5712577447301246 0.004641990943194696 0.006059957074714282
4159.3279999999995 5.992112710373476e-05 -1.5701373259173792 3.5762786865234375e-05 -1.5707839171039026 8.388957940042019e-05 9.58738019107841e-05 0.0 0.0004026699753012508 -0.0 0.0 0.0 0.0 0.002150000214434746 -0.38140040766022365 0.694141053793632 1.571257513117012 0.004698669553177852 0.0060785299850594325
4159.336 3.5952674807049334e-05 -1.570124928151266 2.384185791015625e-05 -1.570808235798971 7.190534961409867e-05 7.190534961409867e-05 0.0 0.0004026699753012508 -0.0 0.0 0.0 0.0 0.00213653879566904 -0.38140045176247395 0.69414107156997 1.5712573713446982 0.004707980834412477 0.006012734786225902
4159.344 4.793690095539205e-05 -1.570113484059469 3.5762786865234375e-05 -1.5707839171039026 9.58738019107841e-05 4.793690095539205e-05 0.0 0.0004026699753012508 -0.0 0.0 0.0 0.0 0.0021357249512853624 -0.3814004116035489 0.6941411084307604 1.5712572651842673 0.0047175926312369 0.006059617144558862
4159.352 4.793690095539205e-05 -1.5701373259173792 3.5762786865234375e-05 -1.570796314870016 7.190534961409867e-05 7.190534961409867e-05 0.0 0.0004026699753012508 -0.0 0.0 0.0 0.0 0.0021432615258383573 -0.3814004486196244 0.6941410518385128 1.5712574441685574 0.00470841552442111 0.006031142605892576
4159.36 3.5952674807049334e-05 -1.5701373259173792 4.8160552978515625e-05 -1.570820156727926 5.992112710373476e-05 9.58738019107841e-05 0.0 0.0004026699753012508 -0.0 0.0 0.0 0.0 0.002133800568524526 -0.38140049944680937 0.6941410584009351 1.571257502497846 0.004679760367983091 0.00602215593758524
4159.3679999999995 4.793690095539205e-05 -1.570148770009176 0.00010776519775390625 -1.5707724730121058 3.5952674807049334e-05 8.388957940042019e-05 0.0 0.0004026699753012508 -0.0 0.0 0.0 0.0 0.0021162891175648627 -0.3814006250988725 0.694141064787665 1.571257736594648 0.004604529153543248 0.006078634996986265
4159.376 4.793690095539205e-05 -1.5701611677752894 3.5762786865234375e-05 -1.570808235798971 2.3968450477696024e-05 7.190534961409867e-05 0.0 0.0004026699753012508 -0.0 0.0 0.0 0.0 0.0021443087910604 -0.38140053011682606 0.6941409909691872 1.5712575998968163 0.00469887852881738 0.005965384653007297
4159.384 2.3968450477696024e-05 -1.5701611677752894 4.8160552978515625e-05 -1.570820156727926 5.992112710373476e-05 7.190534961409867e-05 0.0 0.0004026699753012508 -0.0 0.0 0.0 0.0 0.0021421585879802764 -0.38140052474140146 0.6941410060346109 1.571257531123081 0.004707905440370417 0.0059752006606068105
4159.392 1.1984225238848012e-05 -1.5701611677752894 7.200241088867188e-05 -1.570796314870016 7.190534961409867e-05 8.388957940042019e-05 0.0 0.0003834952076431364 -0.0 0.0 0.0 0.0 0.0021316700537986127 -0.38140057345645034 0.6941410231690851 1.5712576528602828 0.004661042718636763 0.0060220847336327895
4159.4 3.5952674807049334e-05 -1.5701373259173792 7.200241088867188e-05 -1.5707724730121058 5.992112710373476e-05 0.000107858024421148 0.0 0.0003451456723269075 -0.0 0.0 0.0 0.0 0.0021226268760148655 -0.38140055851983656 0.6941410720931102 1.5712577047645708 0.004614176793907303 0.006087757331899708
4159.407999999999 1.1984225238848012e-05 -1.5701611677752894 2.384185791015625e-05 -1.570808235798971 7.190534961409867e-05 0.000107858024421148 0.0 0.00032597093377262354 -0.0 0.0 0.0 0.0 0.00214704900685172 -0.3814005027179066 0.6941409917521055 1.5712576533374631 0.004689374714326327 0.005993686732699514
4159.416 4.793690095539205e-05 -1.570124928151266 3.5762786865234375e-05 -1.570796314870016 8.388957940042019e-05 8.388957940042019e-05 0.0 0.0003067961661145091 -0.0 0.0 0.0 0.0 0.00213976288278582 -0.38140042659415263 0.6941410813416788 1.5712574104810926 0.0046986685823625154 0.006059707486232212
4159.424 4.793690095539205e-05 -1.5701611677752894 8.392333984375e-05 -1.5707600752459925 5.992112710373476e-05 7.190534961409867e-05 0.0 0.00028762139845639467 -0.0 0.0 0.0 0.0 0.002135514803343043 -0.38140055554819574 0.6941410272086957 1.5712577078420356 0.004651472688315734 0.006069320284437155
4159.432 7.190534961409867e-05 -1.570148770009176 6.008148193359375e-05 -1.570796314870016 7.190534961409867e-05 7.190534961409867e-05 0.0 0.00026844663079828024 -0.0 0.0 0.0 0.0 0.002151356254209628 -0.38140042944913466 0.694141042618599 1.5712574691154388 0.004717150116846259 0.006060093191050532
4159.44 5.992112710373476e-05 -1.5701611677752894 8.392333984375e-05 -1.570820156727926 4.793690095539205e-05 7.190534961409867e-05 0.0 0.00024927189224399626 -0.0 0.0 0.0 0.0 0.002141980917931205 -0.3814005177572444 0.6941410270670452 1.5712575327598068 0.00469867530075102 0.006022126636489121
4159.447999999999 4.793690095539205e-05 -1.570148770009176 3.5762786865234375e-05 -1.5707724730121058 5.992112710373476e-05 3.5952674807049334e-05 0.0 0.00023009712458588183 -0.0 0.0 0.0 0.0 0.0021442114059698203 -0.38140048427470574 0.6941410236346008 1.57125747122113 0.004717515255209998 0.006003229789648897
4159.456 2.3968450477696024e-05 -1.5701373259173792 7.200241088867188e-05 -1.570808235798971 5.992112710373476e-05 4.793690095539205e-05 0.0 0.0002109223569277674 -0.0 0.0 0.0 0.0 0.002121103504261159 -0.3814005635346466 0.6941410734106882 1.571257425200528 0.004679929614674118 0.0060032055592875175
4159.464 4.793690095539205e-05 -1.570148770009176 7.200241088867188e-05 -1.5707839171039026 7.190534961409867e-05 9.58738019107841e-05 0.0 0.0002109223569277674 -0.0 0.0 0.0 0.0 0.002137603004758476 -0.3814005039577091 0.6941410499597296 1.571257629194054 0.004660394846052432 0.006079200639466008
4159.472 8.388957940042019e-05 -1.5701850096331995 3.5762786865234375e-05 -1.570808235798971 5.992112710373476e-05 7.190534961409867e-05 0.0 0.0001917476038215682 -0.0 0.0 0.0 0.0 0.0021806229781638153 -0.3814003848019841 0.6941409447661541 1.571257549979324 0.004774077435245861 0.006003148595869685
4159.48 3.5952674807049334e-05 -1.5701730887042444 6.008148193359375e-05 -1.5708320776568812 5.992112710373476e-05 3.5952674807049334e-05 0.0 0.0001917476038215682 -0.0 0.0 0.0 0.0 0.002150654353294741 -0.3814005079435677 0.694140987950982 1.571257414575648 0.004754939152892257 0.0059470258736018375
4159.487999999999 5.992112710373476e-05 -1.570148770009176 6.008148193359375e-05 -1.570808235798971 5.992112710373476e-05 5.992112710373476e-05 0.0 0.00017257283616345376 -0.0 0.0 0.0 0.0 0.0021445769363504855 -0.38140047068556815 0.6941410406865707 1.571257439678218 0.00471710640566495 0.006022491103529208
4159.496 3.5952674807049334e-05 -1.5701730887042444 1.1920928955078125e-05 -1.570820156727926 5.992112710373476e-05 5.992112710373476e-05 0.0 0.00017257283616345376 -0.0 0.0 0.0 0.0 0.0021640016917192483 -0.38140045045800053 0.6941409555790705 1.5712574866543667 0.004764542883628471 0.005937352586611335
4159.504 4.793690095539205e-05 -1.5701730887042444 6.008148193359375e-05 -1.570808235798971 9.58738019107841e-05 7.190534961409867e-05 0.0 0.00017257283616345376 -0.0 0.0 0.0 0.0 0.0021628665412203344 -0.3814004288381839 0.6941409938856936 1.5712575036953016 0.00474560405866502 0.006031648229491466
4159.512 4.793690095539205e-05 -1.5701373259173792 4.8160552978515625e-05 -1.5707724730121058 8.388957940042019e-05 4.793690095539205e-05 0.0 0.00015339808305725455 -0.0 0.0 0.0 0.0 0.0021407568084843166 -0.3814004565447522 0.6941410615867212 1.5712574239542838 0.004708195088924221 0.006050209340145736
4159.5199999999995 7.190534961409867e-05 -1.570148770009176 3.5762786865234375e-05 -1.570808235798971 5.992112710373476e-05 8.388957940042019e-05 0.0 0.00015339808305725455 -0.0 0.0 0.0 0.0 0.0021564004006084585 -0.38140041222986487 0.6941410248068643 1.57125747696562 0.004726777511325475 0.006031607439553897
4159.528 7.190534961409867e-05 -1.5701850096331995 8.392333984375e-05 -1.570808235798971 5.992112710373476e-05 9.58738019107841e-05 0.0 0.00015339808305725455 -0.0 0.0 0.0 0.0 0.002161689045654244 -0.3814004757207379 0.6941409765634913 1.5712576863726757 0.004708033894516319 0.006050416590180764
4159.536 8.388957940042019e-05 -1.570148770009176 2.384185791015625e-05 -1.5707724730121058 4.793690095539205e-05 5.992112710373476e-05 0.0 0.00013422331539914012 -0.0 0.0 0.0 0.0 0.0021582546699997545 -0.38140041320790463 0.6941410135269668 1.5712575090489045 0.004726878739408072 0.006031494949710299
4159.544 5.992112710373476e-05 -1.570124928151266 4.8160552978515625e-05 -1.570820156727926 5.992112710373476e-05 5.992112710373476e-05 0.0 0.00013422331539914012 -0.0 0.0 0.0 0.0 0.0021362191665524324 -0.3814004485650032 0.6941410855096047 1.5712573070982865 0.004717096491950931 0.006022481072902651
4159.552 1.1984225238848012e-05 -1.5701611677752894 6.008148193359375e-05 -1.5707839171039026 5.992112710373476e-05 4.793690095539205e-05 0.0 0.00013422331539914012 -0.0 0.0 0.0 0.0 0.002130944512835734 -0.3814005868466493 0.6941410126642978 1.571257594223629 0.004679497582504169 0.0059848004595927685
4159.5599999999995 3.5952674807049334e-05 -1.570148770009176 6.008148193359375e-05 -1.5707839171039026 2.3968450477696024e-05 7.190534961409867e-05 0.0 0.00013422331539914012 -0.0 0.0 0.0 0.0 0.0021236900990814897 -0.3814006023583749 0.6941410327250167 1.5712576691629594 0.004641534748950561 0.006003925005875734
4159.568 3.5952674807049334e-05 -1.570148770009176 4.8160552978515625e-05 -1.570796314870016 3.5952674807049334e-05 4.793690095539205e-05 0.0 0.00011504856229294091 -0.0 0.0 0.0 0.0 0.002131526109059697 -0.38140055723677546 0.6941410279394122 1.5712575186738995 0.004688867436374608 0.005975414161687374
4159.576 5.992112710373476e-05 -1.5701730887042444 1.1920928955078125e-05 -1.5707839171039026 7.190534961409867e-05 8.388957940042019e-05 0.0 0.00011504856229294091 -0.0 0.0 0.0 0.0 0.0021732795558053004 -0.38140039694286454 0.694140956717629 1.5712576109946923 0.004745483830045938 0.006012875449509323
4159.584 3.5952674807049334e-05 -1.5701730887042444 2.384185791015625e-05 -1.570796314870016 3.5952674807049334e-05 7.190534961409867e-05 0.0 0.00011504856229294091 -0.0 0.0 0.0 0.0 0.0021519661700142873 -0.38140052435718574 0.694140958616918 1.571257661226935 0.004708227969984322 0.005956022331241621
4159.592 2.3968450477696024e-05 -1.570148770009176 6.008148193359375e-05 -1.5707839171039026 5.992112710373476e-05 7.190534961409867e-05 0.0 0.00011504856229294091 -0.0 0.0 0.0 0.0 0.002128792322743652 -0.38140056141152534 0.6941410398508939 1.5712576067285264 0.004660342916538338 0.006022768732499312
4159.599999999999 3.5952674807049334e-05 -1.5701373259173792 7.200241088867188e-05 -1.5707839171039026 8.388957940042019e-05 4.793690095539205e-05 0.0 0.00011504856229294091 -0.0 0.0 0.0 0.0 0.002130050724252218 -0.381400507464155 0.6941410774280042 1.5712574268061583 0.004689057537245689 0.00605055188804013
4159.608 4.793690095539205e-05 -1.5701373259173792 3.5762786865234375e-05 -1.570796314870016 7.190534961409867e-05 8.388957940042019e-05 0.0 0.00011504856229294091 -0.0 0.0 0.0 0.0 0.0021432615258383573 -0.3814004486196244 0.6941410518385128 1.571257482239276 0.004699000398768187 0.006040553394688981
4159.616 5.992112710373476e-05 -1.5701730887042444 3.5762786865234375e-05 -1.570796314870016 9.58738019107841e-05 8.388957940042019e-05 0.0 9.58738019107841e-05 -0.0 0.0 0.0 0.0 0.0021736742005771035 -0.3814003770854176 0.6941409773557439 1.571257539774426 0.004755326159019677 0.006040716138472854
4159.624 9.58738019107841e-05 -1.5701373259173792 0.0 -1.570796314870016 5.992112710373476e-05 5.992112710373476e-05 0.0 9.58738019107841e-05 -0.0 0.0 0.0 0.0 0.0021689860425710226 -0.38140031948887254 0.6941410260301197 1.5712573280951103 0.004774151485137658 0.006021845003113355
4159.632 7.190534961409867e-05 -1.5701611677752894 6.008148193359375e-05 -1.570820156727926 8.388957940042019e-05 4.793690095539205e-05 0.0 9.58738019107841e-05 -0.0 0.0 0.0 0.0 0.0021633351837689082 -0.38140039290825123 0.6941410182900126 1.5712573369036755 0.004773856006356746 0.006022229168088991
4159.639999999999 2.3968450477696024e-05 -1.570124928151266 3.5762786865234375e-05 -1.5708320776568812 4.793690095539205e-05 8.388957940042019e-05 0.0 9.58738019107841e-05 -0.0 0.0 0.0 0.0 0.002123995709984279 -0.3814005239775713 0.6941410756277396 1.5712574177462084 0.004679707253391226 0.005984544343052072
4159.648 5.992112710373476e-05 -1.5701373259173792 6.008148193359375e-05 -1.570808235798971 5.992112710373476e-05 8.388957940042019e-05 0.0 9.58738019107841e-05 -0.0 0.0 0.0 0.0 0.0021383711079169857 -0.381400471028634 0.6941410657316257 1.5712574745395718 0.004689285756596598 0.006050299677938279
4159.656 4.793690095539205e-05 -1.570148770009176 3.5762786865234375e-05 -1.5707839171039026 5.992112710373476e-05 4.793690095539205e-05 0.0 9.58738019107841e-05 -0.0 0.0 0.0 0.0 0.0021451865796680404 -0.38140047772468333 0.694141024021583 1.5712574741765288 0.004717089695953142 0.006003652715687892
4159.664 4.793690095539205e-05 -1.570101563130514 6.008148193359375e-05 -1.570808235798971 5.992112710373476e-05 8.388957940042019e-05 0.0 9.58738019107841e-05 -0.0 0.0 0.0 0.0 0.002114407102558477 -0.3814004974674302 0.694141143539676 1.5712573631442657 0.00465177556483393 0.006068973273164729
4159.672 4.793690095539205e-05 -1.570113484059469 9.584426879882812e-05 -1.5708320776568812 7.190534961409867e-05 8.388957940042019e-05 0.0 7.669904152862728e-05 -0.0 0.0 0.0 0.0 0.0021154617529540514 -0.38140050913632384 0.6941411437003352 1.5712573359912552 0.004661208706163643 0.006078417061171836
4159.679999999999 5.992112710373476e-05 -1.5700658003436487 7.200241088867188e-05 -1.570820156727926 5.992112710373476e-05 9.58738019107841e-05 0.0 7.669904152862728e-05 -0.0 0.0 0.0 0.0 0.002097045245127641 -0.38140048233705115 0.6941412285665728 1.5712572266507299 0.004623688778062619 0.006115887466414921
4159.688 3.5952674807049334e-05 -1.5700414816485804 1.1920928955078125e-05 -1.570808235798971 7.190534961409867e-05 5.992112710373476e-05 0.0 0.0031830102670937777 -0.0 0.0 0.0 0.0 0.0020948431888632366 -0.3814004372640384 0.694141245105181 1.5712570208859844 0.004661196890964784 0.006059483614240506
4159.696 5.992112710373476e-05 -1.5700057188617151 9.584426879882812e-05 -1.570808235798971 7.190534961409867e-05 8.388957940042019e-05 0.0 0.0049470881931483746 -0.0 0.0 0.0 0.0 0.0020595626911671648 -0.3814005006552037 0.6941413730250469 1.5712569971994155 0.004567236001431738 0.006191180150753331
4159.704 5.992112710373476e-05 -1.5699337164508265 3.5762786865234375e-05 -1.570808235798971 7.190534961409867e-05 8.388957940042019e-05 0.0 0.006442719604820013 -0.0 0.0 0.0 0.0 0.002038436045379885 -0.38140042217134995 0.6941414880445824 1.5712566863316788 0.0045578254413858 0.006200495537974326
4159.7119999999995 4.793690095539205e-05 -1.5698979536639612 0.00010776519775390625 -1.570808235798971 5.992112710373476e-05 5.992112710373476e-05 0.0 0.009990050457417965 -0.0 0.0 0.0 0.0 0.0019897740652711792 -0.38140056607021167 0.6941416003699091 1.5712565804740497 0.004473227684163403 0.0062475277864070715
4159.72 5.992112710373476e-05 -1.569777790700094 7.200241088867188e-05 -1.5708320776568812 7.190534961409867e-05 4.793690095539205e-05 0.0 0.011178885586559772 -0.0 0.0 0.0 0.0 0.0019451052328706465 -0.3814004618048173 0.6941418278032642 1.571255955849256 0.004453862644114806 0.0063044728863558405
4159.728 5.992112710373476e-05 -1.5697062651263636 7.200241088867188e-05 -1.570808235798971 8.388957940042019e-05 5.992112710373476e-05 0.0 0.013499030843377113 -0.0 0.0 0.0 0.0 0.0019075114697348174 -0.3814004552576997 0.6941419710478405 1.5712557671665384 0.004378937046135874 0.00639819527872258
4159.736 4.793690095539205e-05 -1.5695861021624964 3.5762786865234375e-05 -1.570820156727926 8.388957940042019e-05 4.793690095539205e-05 0.0 0.015224759466946125 -0.0 0.0 0.0 0.0 0.001849603086107898 -0.3814004255671198 0.6941421851016301 1.571255235076334 0.004322343973042677 0.006435888109133994
4159.744 4.793690095539205e-05 -1.5694544951068323 9.584426879882812e-05 -1.570796314870016 5.992112710373476e-05 8.388957940042019e-05 0.0 0.018100973218679428 -0.0 0.0 0.0 0.0 0.0017518372111658934 -0.38140056729823946 0.6941424460302755 1.5712550122758793 0.0041060111515402705 0.006614587131746187
4159.7519999999995 4.793690095539205e-05 -1.5692265669452112 7.200241088867188e-05 -1.570796314870016 7.190534961409867e-05 5.992112710373476e-05 0.0 0.02136068232357502 -0.0 0.0 0.0 0.0 0.0016385722435491323 -0.3814005184176157 0.6941428396074483 1.571254017303076 0.003973902168959034 0.006765433287214925
4159.76 4.793690095539205e-05 -1.5690825621234339 6.008148193359375e-05 -1.570820156727926 7.190534961409867e-05 0.000107858024421148 0.0 0.022472819313406944 -0.0 0.0 0.0 0.0 0.0015660688115017194 -0.3814004921651171 0.6941430763013541 1.571253520859239 0.0038511966722076098 0.006888067350888219
4159.768 5.992112710373476e-05 -1.5688908735858362 0.00011968612670898438 -1.570820156727926 5.992112710373476e-05 7.190534961409867e-05 0.0 0.023201460018754005 -0.0 0.0 0.0 0.0 0.00144569102328241 -0.38140058137244304 0.6941433859812809 1.5712527131555694 0.003682080279835634 0.007057212517570634
4159.776 3.5952674807049334e-05 -1.5686634222613733 0.00010776519775390625 -1.570808235798971 8.388957940042019e-05 5.992112710373476e-05 0.0 0.02389175072312355 -0.0 0.0 0.0 0.0 0.0013221961306040851 -0.38140056608737527 0.6941437217177803 1.571251740946384 0.0035127881803881126 0.007226424252044941
4159.784 5.992112710373476e-05 -1.5684483687030237 8.392333984375e-05 -1.570808235798971 7.190534961409867e-05 4.793690095539205e-05 0.0 0.026883013546466827 -0.0 0.0 0.0 0.0 0.0012186054025094019 -0.3814005310127856 0.6941439944466377 1.571250841538448 0.0033813929322267173 0.007376555864054019
4159.7919999999995 2.3968450477696024e-05 -1.568244759236471 7.200241088867188e-05 -1.570808235798971 7.190534961409867e-05 0.000107858024421148 0.0 0.029452431946992874 -0.0 0.0 0.0 0.0 0.001098035619172738 -0.3814005607592392 0.6941442399480178 1.571250175797329 0.003155473730623308 0.007545899996237704
4159.8 5.992112710373476e-05 -1.5679810682879847 0.00010776519775390625 -1.5708320776568812 7.190534961409867e-05 4.793690095539205e-05 0.0 0.02972087822854519 -0.0 0.0 0.0 0.0 0.0009601203586821446 -0.38140056314056875 0.6941445317398333 1.571248842906615 0.0030143009003916264 0.007743539944460991
4159.808 4.793690095539205e-05 -1.5677655378924769 7.200241088867188e-05 -1.5708320776568812 7.190534961409867e-05 8.388957940042019e-05 0.0 0.03104393742978573 -0.0 0.0 0.0 0.0 0.0008493380876997721 -0.38140053170542715 0.6941447385347725 1.5712480131772018 0.0028353890113641807 0.007903504111115981
4159.816 4.793690095539205e-05 -1.5674899260150355 7.200241088867188e-05 -1.570796314870016 9.58738019107841e-05 9.58738019107841e-05 0.0 0.033440783619880676 -0.0 0.0 0.0 0.0 0.00070328123872039 -0.3814005138194192 0.6941449789351335 1.5712468431434352 0.0026001783014873805 0.008176274090187754
4159.824 8.388957940042019e-05 -1.567214314137594 9.584426879882812e-05 -1.570808235798971 4.793690095539205e-05 7.190534961409867e-05 0.0 0.033862628042697906 -0.0 0.0 0.0 0.0 0.0005485435231029623 -0.38140061489879873 0.6941451168469918 1.5712457130574011 0.002383755797210458 0.008373826974913028
4159.831999999999 7.190534961409867e-05 -1.566878620778219 0.00011968612670898438 -1.5707839171039026 4.793690095539205e-05 4.793690095539205e-05 0.0 0.035703402012586594 -0.0 0.0 0.0 0.0 0.0003527509944391045 -0.38140067949292933 0.6941452671418565 1.5712442028314826 0.0020916375878408467 0.008647051895070701
4159.84 2.3968450477696024e-05 -1.5665910879718226 8.392333984375e-05 -1.570808235798971 5.992112710373476e-05 3.5952674807049334e-05 0.0 0.038119424134492874 -0.0 0.0 0.0 0.0 0.00019450741646764294 -0.38140061512717216 0.6941453958893046 1.5712427543332612 0.0018940864942773002 0.008788001224711671
4159.848 7.190534961409867e-05 -1.5662677923785608 8.392333984375e-05 -1.570796314870016 7.190534961409867e-05 8.388957940042019e-05 0.0 0.04229952022433281 -0.0 0.0 0.0 0.0 3.968301721471901e-05 -0.3814006013784732 0.6941454606160418 1.5712413328112482 0.0016401512857085034 0.009135949221121114
4159.856 4.793690095539205e-05 -1.565944019948141 0.0001316070556640625 -1.570808235798971 7.190534961409867e-05 7.190534961409867e-05 0.0 0.04567427933216095 -0.0 0.0 0.0 0.0 -0.00015823836576827786 -0.38140066650744986 0.6941454340815928 1.5712397091928776 0.0013483229148116348 0.009390091597080128
4159.864 5.992112710373476e-05 -1.5655844847308558 0.0001316070556640625 -1.570820156727926 7.190534961409867e-05 8.388957940042019e-05 0.0 0.04918326064944267 -0.0 0.0 0.0 0.0 -0.0003476197878659994 -0.38140067195955407 0.6941453657425124 1.5712379623096984 0.0010752382708560367 0.00968188971611624
4159.871999999999 8.388957940042019e-05 -1.56512958208193 0.00010776519775390625 -1.5708563963519495 5.992112710373476e-05 8.388957940042019e-05 0.0 0.05271141603589058 -0.0 0.0 0.0 0.0 -0.0005781876302561031 -0.38140066861665545 0.6941451915753133 1.571235724333227 0.0007744701681350194 0.010001319779512075
4159.88 8.388957940042019e-05 -1.5647342840777796 9.584426879882812e-05 -1.570808235798971 5.992112710373476e-05 5.992112710373476e-05 0.0 0.05554927885532379 -0.0 0.0 0.0 0.0 -0.000793097438089675 -0.38140069675909816 0.6941449233496975 1.5712337567098236 0.0004542816313909567 0.010321373980618935
4159.888 3.5952674807049334e-05 -1.5642669836627405 0.00010776519775390625 -1.5708320776568812 7.190534961409867e-05 5.992112710373476e-05 0.0 0.05825292319059372 -0.0 0.0 0.0 0.0 -0.0010630863632417247 -0.38140064569197973 0.6941445320527687 1.5712311474742655 6.829306045130433e-05 0.01065075854697275
4159.896 4.793690095539205e-05 -1.5637639204608362 0.00011968612670898438 -1.5708320776568812 5.992112710373476e-05 5.992112710373476e-05 0.0 0.06233714520931244 -0.0 0.0 0.0 0.0 -0.0013380945234982085 -0.38140070772912216 0.6941439187907413 1.571228515707133 -0.0003362591046849798 0.011055170044502922
4159.9039999999995 5.992112710373476e-05 -1.5632966200457972 0.00010776519775390625 -1.5708320776568812 5.992112710373476e-05 7.190534961409867e-05 0.0 0.0663638487458229 -0.0 0.0 0.0 0.0 -0.0015833743788711996 -0.3814007210486966 0.694143275174281 1.5712259929525052 -0.0006940116952262359 0.011431584782035724
4159.912 7.190534961409867e-05 -1.5627692381488245 0.00010776519775390625 -1.5708444754229944 7.190534961409867e-05 8.388957940042019e-05 0.0 0.07194370031356812 -0.0 0.0 0.0 0.0 -0.001860509155926232 -0.3814007289128526 0.6941424238598841 1.5712229725037923 -0.0010891735287754498 0.011864231633124275
4159.92 9.58738019107841e-05 -1.5622065703021448 0.0001316070556640625 -1.5708444754229944 5.992112710373476e-05 8.388957940042019e-05 0.0 0.07524175941944122 -0.0 0.0 0.0 0.0 -0.0021668225131463385 -0.3814008549046153 0.6941412457593337 1.5712198088823517 -0.0015404917838853286 0.012334229755726128
4159.928 5.992112710373476e-05 -1.5615595022784632 9.584426879882812e-05 -1.5708563963519495 3.5952674807049334e-05 5.992112710373476e-05 0.0 0.07646894454956055 -0.0 0.0 0.0 0.0 -0.002526189557258385 -0.3814007846295917 0.6941397697533311 1.5712160417182324 -0.0020396235290345713 0.012738995009725279
4159.936 5.992112710373476e-05 -1.5609005133258265 0.00011968612670898438 -1.5708563963519495 7.190534961409867e-05 8.388957940042019e-05 0.0 0.07850147038698196 -0.0 0.0 0.0 0.0 -0.002880978206005626 -0.38140076821777874 0.6941380640335475 1.5712117237124086 -0.002566639484743005 0.013322302193500286
4159.9439999999995 5.992112710373476e-05 -1.5602777639972132 9.584426879882812e-05 -1.5708320776568812 7.190534961409867e-05 3.5952674807049334e-05 0.0 0.08714928478002548 -0.0 0.0 0.0 0.0 -0.0032136381330669112 -0.38140076749123386 0.6941362277060097 1.5712078069100572 -0.003018598727420443 0.013774047997302565
4159.952 7.190534961409867e-05 -1.5595348517047327 0.0001316070556640625 -1.5708320776568812 4.793690095539205e-05 7.190534961409867e-05 0.0 0.08791627734899521 -0.0 0.0 0.0 0.0 -0.0036290381422516716 -0.3814009240641024 0.6941335618143696 1.5712031105644748 -0.003667939007475604 0.014404359890259653
4159.96 7.190534961409867e-05 -1.5588520208941858 0.0001316070556640625 -1.5708444754229944 5.992112710373476e-05 0.000107858024421148 0.0 0.08875996619462967 -0.0 0.0 0.0 0.0 -0.003995032789404439 -0.3814009178421405 0.6941310376126789 1.5711984172337288 -0.004213465007744244 0.014968483668048687
4159.968 7.190534961409867e-05 -1.5580971876727503 9.584426879882812e-05 -1.5708563963519495 3.5952674807049334e-05 8.388957940042019e-05 0.0 0.09472331404685974 -0.0 0.0 0.0 0.0 -0.0043991173870668735 -0.3814009330067997 0.6941279357506319 1.5711934713719502 -0.00476901182414746 0.015486102518623326
4159.976 8.388957940042019e-05 -1.557342831288473 0.00015592575073242188 -1.5708563963519495 3.5952674807049334e-05 9.58738019107841e-05 0.0 0.09894176572561264 -0.0 0.0 0.0 0.0 -0.004821520332987541 -0.3814010969510519 0.6941243032012336 1.5711879727266624 -0.00540878261618408 0.01614452760359231
4159.9839999999995 7.190534961409867e-05 -1.5565279165851038 0.00015592575073242188 -1.5708444754229944 4.793690095539205e-05 9.58738019107841e-05 0.0 0.09821312129497528 -0.0 0.0 0.0 0.0 -0.005265774243588757 -0.38140105098302013 0.6941202569115219 1.5711817813495035 -0.0060583448006577174 0.01679382520771378
4159.992 7.190534961409867e-05 -1.555737320576803 0.0001316070556640625 -1.5708444754229944 3.5952674807049334e-05 7.190534961409867e-05 0.0 0.09692841023206711 -0.0 0.0 0.0 0.0 -0.005690447263326048 -0.3814010668601231 0.6941159983505478 1.5711759743043339 -0.006650924012145165 0.017367299755568263
4160.0 9.58738019107841e-05 -1.5548985640155237 0.00014400482177734375 -1.570820156727926 5.992112710373476e-05 3.5952674807049334e-05 0.0 0.09988132864236832 -0.0 0.0 0.0 0.0 -0.006135439392178431 -0.38140122783908637 0.694111092338319 1.5711692826321741 -0.007272788454136961 0.018064216576812227
4160.008 5.992112710373476e-05 -1.554107968007223 0.00014400482177734375 -1.5708444754229944 3.5952674807049334e-05 8.388957940042019e-05 0.0 0.09980462491512299 -0.0 0.0 0.0 0.0 -0.0065822212624611015 -0.3814010584235723 0.6941060243723441 1.5711628888095774 -0.007959490714254211 0.018656520327549723
4160.016 8.388957940042019e-05 -1.5533049742328089 0.00015592575073242188 -1.5708320776568812 5.992112710373476e-05 5.992112710373476e-05 0.0 0.10082089155912399 -0.0 0.0 0.0 0.0 -0.0070066551395045855 -0.38140122612780103 0.6941006446268613 1.5711561005528134 -0.008552936647626595 0.019325024279304787
4160.023999999999 5.992112710373476e-05 -1.5524786154376429 0.00017976760864257812 -1.5708563963519495 1.1984225238848012e-05 5.992112710373476e-05 0.0 0.10296846181154251 -0.0 0.0 0.0 0.0 -0.0074818063153538235 -0.3814011863956106 0.6940943894907263 1.5711493503748928 -0.009258186664487654 0.019917081855150152
4160.032 7.190534961409867e-05 -1.5516875425921839 0.0002155303955078125 -1.5708444754229944 4.793690095539205e-05 8.388957940042019e-05 0.0 0.09788715094327927 -0.0 0.0 0.0 0.0 -0.007908182811029455 -0.38140128985511723 0.6940883300904351 1.5711418664670171 -0.009898269359550654 0.02063223885082217
4160.04 5.992112710373476e-05 -1.5509093443499964 0.00025177001953125 -1.5708683172809046 1.1984225238848012e-05 5.992112710373476e-05 0.0 0.0975036546587944 0.00014381069922819734 0.0 0.0 0.0 -0.0083531526715356 -0.3814013164473158 0.6940817045067106 1.5711351290367446 -0.0105381370657653 0.02119660140785417
4160.048 8.388957940042019e-05 -1.550178352986471 0.00025177001953125 -1.5708320776568812 0.0 4.793690095539205e-05 0.0 0.10034152120351791 0.00014381069922819734 0.0 0.0 0.0 -0.00874667375095036 -0.3814015876758387 0.6940753568864882 1.5711286821655754 -0.01112202751241387 0.021799073057266395
4160.056 8.388957940042019e-05 -1.5493877569781702 0.00022792816162109375 -1.5708444754229944 2.3968450477696024e-05 4.793690095539205e-05 0.0 0.10467501729726791 0.00014381069922819734 0.0 0.0 0.0 -0.009160725768244709 -0.38140153433587587 0.6940685980265114 1.5711210883729667 -0.011695847384434983 0.022410247502933894
4160.063999999999 7.190534961409867e-05 -1.5486448446856897 0.00019168853759765625 -1.5708802382098597 3.5952674807049334e-05 8.388957940042019e-05 0.0 0.1025274395942688 0.00014381069922819734 0.0 0.0 0.0 -0.009551025791148705 -0.38140135662541697 0.6940620207524818 1.5711138546731527 -0.012251190228448023 0.022965285403006915
4160.072 7.190534961409867e-05 -1.5478184858905237 0.00022792816162109375 -1.5708683172809046 -1.1746083394825746e-05 8.388957940042019e-05 0.0 0.09815559536218643 0.00014381069922819734 0.0 0.0 0.0 -0.010023720804423472 -0.3814015262964717 0.6940534383606985 1.5711061032717313 -0.012975617839286493 0.023614552409280034
4160.08 8.388957940042019e-05 -1.547027889882223 0.00020360946655273438 -1.5708683172809046 2.3968450477696024e-05 5.992112710373476e-05 0.0 0.09493423998355865 0.00014381069922819734 0.0 0.0 0.0 -0.01043093961535061 -0.3814015774360806 0.6940457608969092 1.5710979796230171 -0.01352133700384971 0.024234902854378418
4160.088 0.00011984225420746952 -1.5462849775897425 0.00023984909057617188 -1.5708683172809046 0.0 8.388957940042019e-05 0.0 0.09318933635950089 0.00014381069922819734 0.0 0.0 0.0 -0.010837267256176578 -0.3814020884080631 0.6940374946103394 1.5710907384820703 -0.014142804727395063 0.024874980601932484
4160.096 9.58738019107841e-05 -1.5454943815814417 0.00022792816162109375 -1.5708802382098597 0.0 3.5952674807049334e-05 0.0 0.09391797333955765 0.00014381069922819734 0.0 0.0 0.0 -0.011270473081341933 -0.381401840307071 0.6940288827469255 1.5710824776745216 -0.014726338387924372 0.02542059147044363
4160.103999999999 7.190534961409867e-05 -1.5448110739337366 0.00020360946655273438 -1.5708563963519495 1.1984225238848012e-05 8.388957940042019e-05 0.0 0.09888423979282379 0.00014381069922819734 0.0 0.0 0.0 -0.011641632035440714 -0.38140154996565034 0.6940212785256697 1.571074571777933 -0.015309855966619736 0.02598500191303221
4160.112 8.388957940042019e-05 -1.5439966360675257 0.00023984909057617188 -1.5708921591388147 1.1984225238848012e-05 7.190534961409867e-05 0.0 0.09850074350833893 0.00014381069922819734 0.0 0.0 0.0 -0.012086366365814833 -0.38140174788729003 0.694011472414841 1.5710657566923463 -0.01593119036065959 0.02662492990323259
4160.12 0.00011984225420746952 -1.5432418028460901 0.00022792816162109375 -1.5708683172809046 1.1984225238848012e-05 7.190534961409867e-05 0.0 0.09593132883310318 0.00014381069922819734 0.0 0.0 0.0 -0.012480355464052677 -0.3814022223350275 0.694002255993046 1.5710577273423132 -0.016505308414542265 0.027255242147774947
4160.128 0.00011984225420746952 -1.542511288319723 0.00023984909057617188 -1.5708802382098597 -1.1746083394825746e-05 3.5952674807049334e-05 0.0 0.09456991404294968 0.00014381069922819734 0.0 0.0 0.0 -0.012885310116190164 -0.3814023167677152 0.6939927677480772 1.571049949054328 -0.017069568170081036 0.027781997323955004
4160.1359999999995 0.000107858024421148 -1.5416963736163538 0.00022792816162109375 -1.5709040800677698 0.0 7.190534961409867e-05 0.0 0.0932852104306221 0.00014381069922819734 0.0 0.0 0.0 -0.01332291881001119 -0.3814021510565318 0.6939823527678612 1.5710402039958618 -0.017710107390208285 0.028421851882099867
4160.144 0.000107858024421148 -1.5409296194659632 0.00025177001953125 -1.5708802382098597 1.1984225238848012e-05 8.388957940042019e-05 0.0 0.09109928458929062 0.00014381069922819734 0.0 0.0 0.0 -0.01374449934488791 -0.38140221266188323 0.6939718424299529 1.5710305844629198 -0.01834990254875472 0.029080225975240303
4160.152 0.00014381069922819734 -1.5401628653155726 0.00022792816162109375 -1.5708683172809046 1.1984225238848012e-05 8.388957940042019e-05 0.0 0.09083084017038345 0.00014381069922819734 0.0 0.0 0.0 -0.0141403512297501 -0.3814027336208878 0.693961334477581 1.571021952912252 -0.018914665943734345 0.029701159417009158
4160.16 0.00011984225420746952 -1.5394085089312952 0.0002155303955078125 -1.5708563963519495 -2.366701234990387e-05 5.992112710373476e-05 0.0 0.09520268440246582 0.00014381069922819734 0.0 0.0 0.0 -0.01456532726799921 -0.3814024926808469 0.6939502964362223 1.5710131802942788 -0.0195348941604274 0.030227462239087136
4160.168 9.58738019107841e-05 -1.538593594227926 0.00023984909057617188 -1.5708563963519495 -3.5587941304981996e-05 5.992112710373476e-05 0.0 0.09604637324810028 0.00014381069922819734 0.0 0.0 0.0 -0.015026670402377588 -0.381402232729523 0.6939379480228124 1.57100270630856 -0.020222346612241933 0.03085828176325294
4160.1759999999995 0.00013182648399379104 -1.5378268400775355 0.0002875328063964844 -1.5708683172809046 -4.7985707418263246e-05 7.190534961409867e-05 0.0 0.09911433607339859 0.00014381069922819734 0.0 -0.00028762139845639467 0.0 -0.015445121181920127 -0.3814029008491546 0.6939257828743725 1.5709933337447024 -0.020843661284799964 0.031516378891921035
4160.184 0.00013182648399379104 -1.5370238463031214 0.00023984909057617188 -1.5708921591388147 -0.000119511281148732 7.190534961409867e-05 0.0 0.09855826944112778 0.00014381069922819734 0.0 -0.008772453293204308 0.0 -0.01588337390882472 -0.3814030030048131 0.6939130816774283 1.5709848779202027 -0.02147447869944527 0.03203450274918843
4160.192 0.00014381069922819734 -1.536269489918844 0.00022792816162109375 -1.5709040800677698 -0.00020391145815068512 7.190534961409867e-05 0.0 0.09669831395149231 0.00014381069922819734 0.0 -0.012583436444401741 0.0 -0.01630581960771931 -0.38140337487083015 0.6939003227758704 1.5709770032422827 -0.0221052100461566 0.03255120517996073
4160.2 0.000107858024421148 -1.5354908148394983 0.00027561187744140625 -1.5708921591388147 -0.00022775331606084137 2.3968450477696024e-05 0.0 0.09679418802261353 0.00014381069922819734 0.0 -0.008077368140220642 0.0 -0.016763233547633646 -0.3814029399845577 0.6938867414024613 1.5709664152029237 -0.022773003477758406 0.03312487045975617
4160.208 0.00013182648399379104 -1.5346282164203089 0.00025177001953125 -1.5708921591388147 -0.0002878347979944351 5.992112710373476e-05 0.0 0.1025274395942688 0.00014381069922819734 0.0 -0.005392901599407196 0.0 -0.017230678331945595 -0.38140346934659697 0.6938717574369656 1.570956344315963 -0.023488514008595873 0.033783308343292164
4160.215999999999 0.00011984225420746952 -1.5337889830218714 0.00023984909057617188 -1.5708921591388147 -0.0002878347979944351 5.992112710373476e-05 0.0 0.10948788374662399 0.00014381069922819734 0.0 -0.003403519978746772 0.0 -0.017686558021284462 -0.3814032921404498 0.6938572456266502 1.5709447714324216 -0.024147855189701334 0.034423505142177055
4160.224 0.00011984225420746952 -1.5329273382769983 0.00027561187744140625 -1.5708802382098597 -0.0003235975848596695 0.000107858024421148 0.0 0.11211482435464859 0.00014381069922819734 0.0 -0.003403519978746772 0.0 -0.01817484302392727 -0.38140345746682147 0.6938410410785796 1.5709327157419724 -0.02492790304599553 0.0351471017490897
4160.232 0.0001554204209242016 -1.5320523420916956 0.00025177001953125 -1.5708802382098597 -0.0003235975848596695 8.388957940042019e-05 0.0 0.11765632778406143 0.00014381069922819734 0.0 -0.003403519978746772 0.0 -0.018628385401010337 -0.38140413522079153 0.6938252109219851 1.570921356698605 -0.025549798606317564 0.03582453367873184
4160.24 0.0001554204209242016 -1.5311058203326624 0.00027561187744140625 -1.5708921591388147 -0.0002878347979944351 8.388957940042019e-05 0.0 0.12375390529632568 0.00014381069922819734 0.0 -0.002588592702522874 0.0 -0.019137828010412385 -0.38140416605297545 0.6938075052598093 1.5709067876953005 -0.026274637164155235 0.03660522396728742
4160.248 0.0001554204209242016 -1.5301111380206507 0.00022792816162109375 -1.57092792192568 -0.00031167665590459137 7.190534961409867e-05 0.0 0.12695609033107758 0.00014381069922819734 0.0 -0.0019414444686844945 0.0 -0.01966603061082533 -0.3814041949967577 0.693788621832437 1.5708935718450687 -0.026999826916603745 0.03729254043557794
4160.255999999999 0.00019137309573125094 -1.5290816465960901 0.00023984909057617188 -1.570916000996725 -0.00033599535097295075 5.992112710373476e-05 0.0 0.1354888528585434 0.00014381069922819734 0.0 -0.0015579493483528495 0.0 -0.020221315287404777 -0.3814050632397876 0.6937676425108829 1.5708792841705266 -0.027808727335386366 0.038119349474699867
4160.264 0.00019137309573125094 -1.5279672781573694 0.00025177001953125 -1.5709040800677698 -0.00033599535097295075 7.190534961409867e-05 0.0 0.14001409709453583 0.00014381069922819734 0.0 -0.001318264752626419 0.0 -0.020829746170129365 -0.3814051887161614 0.6937445799546412 1.5708619556303391 -0.02871227710182544 0.03902249421940512
4160.272 0.00019137309573125094 -1.5268529097186487 0.00025177001953125 -1.5708921591388147 -0.0003235975848596695 8.388957940042019e-05 0.0 0.14616920053958893 0.00014381069922819734 0.0 -0.0011265171924605966 0.0 -0.02143126624338936 -0.38140527535283164 0.6937211293644495 1.570844088367279 -0.029596737936539688 0.03992600390073926
4160.28 0.00022732577053830028 -1.5256431738482874 0.0002155303955078125 -1.5709040800677698 -0.00031167665590459137 8.388957940042019e-05 0.0 0.15025341510772705 0.00014381069922819734 0.0 -0.0009827064350247383 0.0 -0.0220580208577587 -0.38140610072629044 0.693695457663403 1.5708258268582673 -0.030471676570428922 0.04087562665277763
4160.288 0.00021534154075197875 -1.5243848005877894 0.00025177001953125 -1.57092792192568 -0.00034791627992802887 3.5952674807049334e-05 0.0 0.1566961407661438 0.00014381069922819734 0.0 -0.0008868326549418271 0.0 -0.022762903643710763 -0.3814060681135661 0.6936664167160176 1.570806318888815 -0.03147013247550558 0.04179792169701626
4160.295999999999 0.00021534154075197875 -1.5230911413775843 0.0003113746643066406 -1.5709403196917933 -0.000359837208883107 4.793690095539205e-05 0.0 0.16390584409236908 0.00014381069922819734 0.0 -0.0007909588748589158 0.0 -0.02348369384972337 -0.38140629847528484 0.6936355907037125 1.570784436247541 -0.03254219752638382 0.04285084307118337
4160.304 0.00021534154075197875 -1.521761719380514 0.00022792816162109375 -1.5708921591388147 -0.000359837208883107 8.388957940042019e-05 0.0 0.16789419949054718 0.00014381069922819734 0.0 -0.0007190534961409867 0.0 -0.02418315052993449 -0.3814063484732539 0.6936048334044751 1.5707620463038876 -0.03358712724124936 0.04389514357910036
4160.312 0.00020335732551757246 -1.5204313437091272 0.0002875328063964844 -1.57092792192568 -0.00033599535097295075 5.992112710373476e-05 0.0 0.16892963647842407 0.00014381069922819734 0.0 -0.0006471481756307185 0.0 -0.024916719757340073 -0.3814062056631398 0.6935717915149461 1.570737912991565 -0.03462277533139172 0.04494897820039664
4160.32 0.00021534154075197875 -1.5190900007831019 0.0002994537353515625 -1.5709040800677698 -0.000359837208883107 9.58738019107841e-05 0.0 0.17799930274486542 0.00014381069922819734 0.0 -0.0006231797160580754 0.0 -0.025650723137687955 -0.38140671486440314 0.6935372561647537 1.570714211354779 -0.035742107845080404 0.04604917372036262
4160.3279999999995 0.00022732577053830028 -1.5176518599139612 0.00023984909057617188 -1.57092792192568 -0.00038367906679326325 7.190534961409867e-05 0.0 0.18961919844150543 0.00014381069922819734 0.0 -0.0006231797160580754 0.0 -0.026411746610336143 -0.38140712460712667 0.6935004617745102 1.5706904824338306 -0.03679683140796926 0.04708463657850831
4160.336 0.0002752626605797559 -1.5161665121661585 0.00025177001953125 -1.570916000996725 -0.00038367906679326325 7.190534961409867e-05 0.0 0.19163255393505096 0.00014381069922819734 0.0 -0.0006231797160580754 0.0 -0.0272025115352549 -0.3814086135743852 0.6934603658805502 1.5706638903633938 -0.0379447348469303 0.04830725079451832
4160.344 0.0002393100003246218 -1.5146692434894007 0.00027561187744140625 -1.5709403196917933 -0.0003717581378381851 7.190534961409867e-05 0.0004218447138555348 0.18766337633132935 0.00014381069922819734 0.0 -0.0006231797160580754 0.0 -0.02802893245501138 -0.3814078044081445 0.6934188930643076 1.570634202696564 -0.039139402394577624 0.04946360880197282
4160.352 0.00029923112015239894 -1.5131834189044397 0.0002994537353515625 -1.5709040800677698 -0.0004075209247034195 8.388957940042019e-05 0.0004218447138555348 0.18983012437820435 0.00014381069922819734 0.0 -0.0006231797160580754 0.0 -0.028830485259681318 -0.38140982039998644 0.6933754862529072 1.570607148217413 -0.040344205685091505 0.05070578656706711
4160.36 0.00031121534993872046 -1.5116384665118616 0.00027561187744140625 -1.57092792192568 -0.000443760548726857 8.388957940042019e-05 0.002416019793599844 0.19452793896198273 0.00014381069922819734 0.0 -0.0006231797160580754 0.0 -0.029663089853828234 -0.3814104190694481 0.6933301794199664 1.5705787515040126 -0.04153944718960318 0.0518622815305137
4160.3679999999995 0.00031121534993872046 -1.5100567976581019 0.00027561187744140625 -1.5709040800677698 -0.0004075209247034195 7.190534961409867e-05 0.002416019793599844 0.1964837610721588 0.00014381069922819734 0.0 -0.0006231797160580754 0.0 -0.03051176251121497 -0.38141060935686055 0.6932829751201895 1.5705454907639667 -0.04276278740412039 0.05314188665609761
4160.376 0.0003467935312073678 -1.5084994474994105 0.00022792816162109375 -1.5709403196917933 -0.00039559999574834137 5.992112710373476e-05 0.00199417513795197 0.19642624258995056 0.00014381069922819734 0.0 -0.0006231797160580754 0.0 -0.031320850469700706 -0.38141185061295435 0.6932359747550909 1.5705154421123324 -0.043873575407555855 0.05432655944434168
4160.384 0.0003827461914625019 -1.5068815390216272 0.0002636909484863281 -1.570916000996725 -0.00043183961977177887 3.5952674807049334e-05 0.00199417513795197 0.19629202783107758 0.00014381069922819734 0.0 -0.0006231797160580754 0.0 -0.03220542433039397 -0.38141341586904126 0.6931830745664658 1.5704830603544864 -0.0451730691838478 0.05562498639399793
4160.392 0.0003827461914625019 -1.5053122679339808 0.0002636909484863281 -1.57092792192568 -0.00043183961977177887 5.992112710373476e-05 0.002837864449247718 0.19355003535747528 0.00014381069922819734 0.0 -0.0006231797160580754 0.0 -0.03305384154457243 -0.38141370689320087 0.6931318174308844 1.5704491270350411 -0.04641525803175873 0.056866513726572136
4160.4 0.0003947304212488234 -1.5037429968463343 0.00027561187744140625 -1.570916000996725 -0.00046807924379521637 7.190534961409867e-05 0.002281796419993043 0.19504566490650177 0.00014381069922819734 0.0 -0.0008388957940042019 0.0 -0.03391290924885703 -0.38141450041253144 0.6930782062478675 1.5704157537779646 -0.04769514571422646 0.05810767096982765
4160.407999999999 0.0003947304212488234 -1.502197567616598 0.0002636909484863281 -1.57092792192568 -0.0005038420306604507 7.190534961409867e-05 0.0014956312952563167 0.20041459798812866 0.00014381069922819734 0.0 -0.0008388957940042019 0.0 -0.03475430963831518 -0.38141484288821625 0.6930246714367871 1.5703828612702833 -0.048918487432427195 0.05927418850395685
4160.416 0.0004067146510351449 -1.500603977833883 0.0003113746643066406 -1.57092792192568 -0.000527683888570607 3.5952674807049334e-05 0.0013230585027486086 0.19966678321361542 0.00014381069922819734 0.0 -0.0036911414936184883 0.0 -0.03563266331268702 -0.38141569220842536 0.6929670531968747 1.5703475136821508 -0.050188785621078195 0.06052526052976191
4160.424 0.00046663577086292207 -1.4991067091571253 0.0002636909484863281 -1.5709527174579065 -0.0005520025836389664 5.992112710373476e-05 0.0013230585027486086 0.1947772204875946 0.00014381069922819734 0.0 -0.0036911414936184883 0.0 -0.03641017176377253 -0.3814181362607556 0.6929136415587165 1.570316594652211 -0.051298924739013554 0.06169059183307756
4160.432 0.0004786200006492436 -1.4975016752826136 0.00022792816162109375 -1.5709403196917933 -0.0006235281573694351 5.992112710373476e-05 0.0020516994409263134 0.1914791613817215 0.00014381069922819734 0.0 -0.0047217849642038345 0.0 -0.0372835575091216 -0.38141904120264136 0.6928535996802734 1.5702823361271063 -0.05258812886742559 0.0628855741631405
4160.44 0.0004786200006492436 -1.495955769215719 0.0002636909484863281 -1.570916000996725 -0.000695530568258107 7.190534961409867e-05 0.0043910201638937 0.1882769763469696 0.00014381069922819734 0.0 -0.006087986286729574 0.0 -0.038151847428851485 -0.3814196059641699 0.6927927559937133 1.5702466728730358 -0.05391555913136706 0.06409933839915705
4160.447999999999 0.0006100719911046326 -1.494410816823141 0.00027561187744140625 -1.57092792192568 -0.000768009816304982 7.190534961409867e-05 0.008072573691606522 0.1867046356201172 0.00014381069922819734 0.0 -0.0069029140286147594 0.0 -0.03895934246966224 -0.38142523716836024 0.6927313177715275 1.5702165720704546 -0.05508286567120515 0.06535858565336541
4160.456 0.0006460246513597667 -1.4928887526141565 0.0002875328063964844 -1.570916000996725 -0.0008156935321252945 8.388957940042019e-05 0.012252671644091606 0.18363668024539948 0.00014381069922819734 0.0 -0.008820390328764915 0.0 -0.03978616052502928 -0.38142724912898374 0.6926697924231091 1.5701814414558115 -0.05631581237017464 0.06657246614729381
4160.464 0.0007778510916978121 -1.4913795630084437 0.0002994537353515625 -1.5709403196917933 -0.0008757750140588882 8.388957940042019e-05 0.014668691903352737 0.17753911018371582 0.00014381069922819734 0.0 -0.011408982798457146 0.0 -0.04056959810082476 -0.38143320597649644 0.6926074743525262 1.5701511427062662 -0.05743526630972402 0.0678039126167974
4160.472 0.0008857091306708753 -1.4899418989764612 0.0002875328063964844 -1.5709403196917933 -0.0010555426227014664 4.793690095539205e-05 0.015550730749964714 0.1747204214334488 0.00014381069922819734 0.0 -0.017832526937127113 0.0 -0.04135048048035382 -0.3814385424494969 0.6925446307362452 1.5701272206508263 -0.0585834394553997 0.06883855693549888
4160.48 0.0010167865548282862 -1.4885762373553675 0.0002875328063964844 -1.57092792192568 -0.0012119452105920914 4.793690095539205e-05 0.014994662255048752 0.17147988080978394 -0.0 0.0 -0.023441145196557045 0.0 -0.042081814552632144 -0.38144496877219436 0.6924837363912993 1.570103703399308 -0.059685821167032325 0.06990058782495238
4160.487999999999 0.0011126603931188583 -1.4872105757342737 0.0002875328063964844 -1.57092792192568 -0.0014274756060999039 3.5952674807049334e-05 0.012540292926132679 0.17282211780548096 -0.0 0.0 -0.027515782043337822 0.0 -0.04284128741842744 -0.3814501735805143 0.6924204772227532 1.5700816988364321 -0.06084308671382405 0.07086941605244736
4160.496 0.0012205184902995825 -1.485880200062887 0.00025177001953125 -1.570916000996725 -0.0016673246966760757 5.992112710373476e-05 0.00993252545595169 0.16965827345848083 -0.0 0.0 -0.028426581993699074 0.0 -0.043573925567695175 -0.3814560037754666 0.692357849491635 1.5700618720144093 -0.06199185494511495 0.071810352578004
4160.504 0.0013163922121748328 -1.484610382710592 0.0002636909484863281 -1.5709403196917933 -0.0018470923053186539 7.190534961409867e-05 0.01025849673897028 0.1598791480064392 -0.0 0.0 -0.025502432137727737 0.0 -0.044273306674255164 -0.38146136429187283 0.692297297644663 1.5700403201169588 -0.06305484393195301 0.0727411028550768
4160.512 0.0013403607299551368 -1.4832928816424769 0.0002636909484863281 -1.57092792192568 -0.0020392576800745132 8.388957940042019e-05 0.010028399527072906 0.15148060023784637 -0.0 0.0 -0.023752734065055847 0.0 -0.04502869627071154 -0.3814636766305828 0.6922333045670488 1.570014440055155 -0.06424091315753715 0.073662564172272
4160.5199999999995 0.0014598284615203738 -1.4820712248431605 0.0002994537353515625 -1.570916000996725 -0.002279106770650685 4.793690095539205e-05 0.008686166256666183 0.15322551131248474 -0.0 -4.793690095539205e-05 -0.024711472913622856 0.0 -0.04571914218354643 -0.38147045066771923 0.6921705881343851 1.56999747974316 -0.06530422578001177 0.0745364436649079
4160.528 0.001483796862885356 -1.4808490912066858 0.0002875328063964844 -1.5709646383868616 -0.0024474302874963882 7.190534961409867e-05 0.006941263098269701 0.15468278527259827 -0.0 -4.793690095539205e-05 -0.026509106159210205 0.0 -0.04640772404310081 -0.3814727094643581 0.6921103601691448 1.569973990240883 -0.06634879547951987 0.07535385579030664
4160.536 0.0015796707011759281 -1.479626480733053 0.0002875328063964844 -1.5709403196917933 -0.00268727937807256 5.992112710373476e-05 0.006174272857606411 0.15460608899593353 -0.0 -4.793690095539205e-05 -0.026101643219590187 0.0 -0.04709794588998495 -0.38147856077513076 0.6920465212479806 1.569955899140661 -0.06743186412989562 0.07621041320572888
4160.544 0.0016276076203212142 -1.4783929030047815 0.0002636909484863281 -1.5709646383868616 -0.0028789679156702164 9.58738019107841e-05 0.007056311704218388 0.1472429782152176 -0.0 -4.793690095539205e-05 -0.02454369328916073 0.0 -0.04778818596413306 -0.38148210208646216 0.6919834532642084 1.5699334679234145 -0.0685041063322549 0.07705643877341613
4160.552 0.0016755445394665003 -1.477279011403219 0.00025177001953125 -1.5709646383868616 -0.0031312147723596695 7.190534961409867e-05 0.008532768115401268 0.14058934152126312 -0.0 -4.793690095539205e-05 -0.02545449510216713 0.0 -0.04843552897302761 -0.3814857201249039 0.6919232613563633 1.56991778390339 -0.06951124679493427 0.07774240496924398
4160.5599999999995 0.0017474498599767685 -1.4761164824115198 0.0002994537353515625 -1.5709646383868616 -0.0033229033099573257 4.793690095539205e-05 0.008647817187011242 0.13600657880306244 -0.0 -4.793690095539205e-05 -0.028929920867085457 0.0 -0.04910139344615422 -0.381490629952674 0.6918596961033844 1.5698974803673513 -0.07053702320795012 0.07857975198105942
4160.568 0.0018066219054162502 -1.4749906698810022 0.0003237724304199219 -1.5709765593158167 -0.0035746733294885757 5.992112710373476e-05 0.008341020904481411 0.1380007565021515 -0.0 -4.793690095539205e-05 -0.03290868178009987 0.0 -0.04976035355031054 -0.381494987680035 0.6917963235375914 1.5698804108745104 -0.0715916441276458 0.07933163467845938
4160.576 0.0019144800025969744 -1.4738763014422815 0.00027561187744140625 -1.5709403196917933 -0.0038626829730432632 5.992112710373476e-05 0.007861651480197906 0.13677357137203217 -0.0 -4.793690095539205e-05 -0.03942809998989105 0.0 -0.050386753301088084 -0.381501795500397 0.6917334026543683 1.5698687274756582 -0.07259905976646314 0.08005577536437572
4160.584 0.0019624168053269386 -1.4728100935565394 0.00027561187744140625 -1.57092792192568 -0.00417501131166631 5.992112710373476e-05 0.00882038939744234 0.1331878900527954 -0.0 -4.793690095539205e-05 -0.04096208140254021 0.0 -0.051028722635858184 -0.3815057163897545 0.6916703186101828 1.5698562095172055 -0.07365379795796143 0.08069511331694629
4160.592 0.0020223380997776985 -1.4717558065997522 0.00027561187744140625 -1.57092792192568 -0.004522625599996388 5.992112710373476e-05 0.00914636068046093 0.13334128260612488 -0.0 -4.793690095539205e-05 -0.040410809218883514 0.0 -0.05166800599336117 -0.3815103108190911 0.6916062416768989 1.5698467088603325 -0.07470772507450726 0.0812970854261765
4160.599999999999 0.002118211705237627 -1.4706533590899866 0.0002636909484863281 -1.5709646383868616 -0.004810635243551076 4.793690095539205e-05 0.009740778245031834 0.133648082613945 -0.0 -4.793690095539205e-05 -0.03616839274764061 0.0 -0.052296884729387844 -0.3815167694334797 0.691541141411395 1.56983604438281 -0.07567690336218189 0.0819642522996357
4160.608 0.0022376796696335077 -1.4695871512042444 0.00027561187744140625 -1.570916000996725 -0.005074803029195607 5.992112710373476e-05 0.011389807797968388 0.1346835196018219 -0.0 -4.793690095539205e-05 -0.032477252185344696 0.0 -0.05290504133683796 -0.38152462160442546 0.6914762483624465 1.5698233370979051 -0.07668494800168812 0.08274480688433856
4160.616 0.002285616472363472 -1.4685214201556605 0.0003237724304199219 -1.5709403196917933 -0.005314175282613576 5.992112710373476e-05 0.013326458632946014 0.1341082751750946 -0.0 -4.793690095539205e-05 -0.02840261347591877 0.0 -0.053538090939486735 -0.38152876800941105 0.6914108858784965 1.5698068690282128 -0.07769099731618663 0.08345006048805675
4160.624 0.0024294271133840084 -1.467442814503805 0.0002994537353515625 -1.5709527174579065 -0.0055421034442346695 5.992112710373476e-05 0.015263109467923641 0.13334128260612488 -0.0 -4.793690095539205e-05 -0.025861958041787148 0.0 -0.054117879073625835 -0.3815380191166206 0.6913465151610855 1.5697957764495358 -0.0785754735605799 0.08420206754171095
4160.632 0.0025964572560042143 -1.466280762349264 0.00025177001953125 -1.5709765593158167 -0.005734268818990529 7.190534961409867e-05 0.018580343574285507 0.13763642311096191 -0.0 -4.793690095539205e-05 -0.020253341645002365 0.0 -0.05471627722428007 -0.3815487228883716 0.6912786339592173 1.5697821161163303 -0.07946131460166768 0.08504793053005061
4160.639999999999 0.0027402678970247507 -1.4651663939105433 0.00025177001953125 -1.5709646383868616 -0.005842034016744435 8.388957940042019e-05 0.02172500267624855 0.13686944544315338 -0.0 -4.793690095539205e-05 -0.016634104773402214 0.0 -0.05529231265087219 -0.3815583212271649 0.6912131139046384 1.5697621544096487 -0.08032717206587289 0.08596991855682233
4160.648 0.002920031314715743 -1.4640644232379358 0.00023984909057617188 -1.5709527174579065 -0.005986038838521779 9.58738019107841e-05 0.024083498865365982 0.1382308453321457 -0.0 -4.793690095539205e-05 -0.013278521597385406 0.0 -0.05585402599498139 -0.38157008865569003 0.6911469110447013 1.5697466271511027 -0.0811741832959712 0.08687259651884735
4160.656 0.0031233886256814003 -1.462926212941305 0.00025177001953125 -1.5709403196917933 -0.006022278462545216 5.992112710373476e-05 0.026346120983362198 0.1351437121629715 -0.0 -4.793690095539205e-05 -0.01085770782083273 0.0 -0.05640447841759552 -0.3815833993839389 0.6910802226588405 1.5697261303121928 -0.08192801880970851 0.08788827062174089
4160.664 0.003326371544972062 -1.4618480841266077 0.00022792816162109375 -1.5709527174579065 -0.00608235994447881 8.388957940042019e-05 0.029529130086302757 0.13481773436069489 -7.190534961409867e-05 -4.793690095539205e-05 -0.004793690051883459 0.0 -0.056916281612892736 -0.3815967438997696 0.6910170573907792 1.5697083710048814 -0.08265321136438543 0.08883722883236515
4160.672 0.0035780402831733227 -1.4607098738299769 0.00017976760864257812 -1.5709646383868616 -0.006058041249410451 7.190534961409867e-05 0.03382427617907524 0.13305366039276123 -7.190534961409867e-05 -4.793690095539205e-05 -0.002996056340634823 0.0 -0.05741208554888546 -0.3816130673318373 0.6909530286998102 1.569688310076933 -0.08327424795864025 0.08989081310098086
4160.679999999999 0.003841318655759096 -1.4596312681781214 0.00020360946655273438 -1.5709646383868616 -0.00608235994447881 7.190534961409867e-05 0.037218209356069565 0.12684103846549988 -7.190534961409867e-05 -4.793690095539205e-05 -0.0029001825023442507 0.0 -0.05790660215148982 -0.3816304602946648 0.6908878584862111 1.569670845754973 -0.0839528022957191 0.09094392649477316
4160.688 0.0041405498050153255 -1.4586132208453577 0.00025177001953125 -1.5709646383868616 -0.006058041249410451 8.388957940042019e-05 0.038291994482278824 0.12390729784965515 -7.190534961409867e-05 -4.793690095539205e-05 -0.0029001825023442507 0.0 -0.058348882785066565 -0.3816501045501725 0.6908262912971267 1.5696533648633948 -0.08454593447429941 0.09204439181650757
4160.696 0.004439780954271555 -1.4576309362994593 0.00023984909057617188 -1.5709646383868616 -0.006046120320455373 4.793690095539205e-05 0.0370648130774498 0.11855754256248474 -7.190534961409867e-05 -4.793690095539205e-05 -0.0027563718613237143 0.0 -0.05875733738024054 -0.3816698217276817 0.6907680068954659 1.5696406298892305 -0.08503592224448397 0.09302219024854239
4160.704 0.00471504358574748 -1.456660572682516 0.00022792816162109375 -1.5709646383868616 -0.006070439015523732 8.388957940042019e-05 0.033306557685136795 0.11924783140420914 -7.190534961409867e-05 -4.793690095539205e-05 -0.0020373184233903885 0.0 -0.059178140481708975 -0.3816884212937667 0.6907088304407656 1.5696268867474725 -0.08562026910838423 0.0939998301252535
4160.7119999999995 0.005013900343328714 -1.4557741324054163 0.0001678466796875 -1.570916000996725 -0.00608235994447881 4.793690095539205e-05 0.031925976276397705 0.12158715724945068 -7.190534961409867e-05 -4.793690095539205e-05 -0.0016298546688631177 0.0 -0.05953118885135957 -0.38170835714491896 0.690655811854575 1.5696185708043215 -0.08605439597508693 0.09488372731107923
4160.72 0.005265568848699331 -1.4548752943622034 0.00020360946655273438 -1.5709527174579065 -0.006058041249410451 3.5952674807049334e-05 0.034572090953588486 0.11765632778406143 -7.190534961409867e-05 -4.793690095539205e-05 -0.001342233270406723 0.0 -0.059920365661006864 -0.38172587768969823 0.6906003437155488 1.5696038954252487 -0.08653384237914101 0.09579584245732554
4160.728 0.005552441347390413 -1.4539650122271937 0.0001316070556640625 -1.5709527174579065 -0.006046120320455373 7.190534961409867e-05 0.036029376089572906 0.11029322445392609 -0.0009347695740871131 -4.793690095539205e-05 -0.0011504855938255787 0.0 -0.060276717424845624 -0.38174551470251633 0.6905467465587491 1.5695920830125567 -0.08698634649750787 0.09671661140528863
4160.736 0.005803735461086035 -1.453113857899801 0.00011968612670898438 -1.57092792192568 -0.006058041249410451 5.992112710373476e-05 0.03813859820365906 0.10350535809993744 -0.0009347695740871131 -4.793690095539205e-05 -0.0010066749528050423 0.0 -0.0606410033179162 -0.3817632961372454 0.6904932653481326 1.5695807686510446 -0.08746796898372206 0.09757339857280158
4160.744 0.006090982351452112 -1.4522760550128382 0.00011968612670898438 -1.5709403196917933 -0.0060341993915002945 8.388957940042019e-05 0.04024782031774521 0.0983089953660965 -0.005824333522468805 -4.793690095539205e-05 -0.0008868326549418271 0.0 -0.06097515620101034 -0.3817833661057572 0.6904413774872193 1.5695692451177414 -0.08789125547628178 0.09848435130121046
4160.7519999999995 0.0064141820184886456 -1.4514849821673792 8.392333984375e-05 -1.5709403196917933 -0.006058041249410451 4.793690095539205e-05 0.03882889077067375 0.09401384741067886 -0.004314321093261242 -4.793690095539205e-05 -0.0008149273344315588 0.0 -0.06127356659144286 -0.38180569271800846 0.6903917243982345 1.5695666729047735 -0.08822167269132196 0.09928402971083156
4160.76 0.006665476132184267 -1.4507420698748987 8.392333984375e-05 -1.57092792192568 -0.006058041249410451 5.992112710373476e-05 0.032654616981744766 0.08948860317468643 -0.0028043086640536785 -4.793690095539205e-05 -0.0007190534961409867 0.0 -0.06157871543800422 -0.38182373639631373 0.6903441419708254 1.5695573024897052 -0.0886273866697022 0.10008362823848421
4160.768 0.006905160844326019 -1.4500473181353968 8.392333984375e-05 -1.5709646383868616 -0.006046120320455373 8.388957940042019e-05 0.027247333899140358 0.08241312205791473 -0.0020852552261203527 -4.793690095539205e-05 -0.0006711166352033615 0.0 -0.0618549971728567 -0.3818409806260967 0.690300333257542 1.5695488769154262 -0.0889658746466842 0.10081648349198663
4160.776 0.0070482222363352776 -1.4494360128985804 0.00011968612670898438 -1.5709403196917933 -0.006058041249410451 0.000107858024421148 0.020862139761447906 0.07992040365934372 -0.0016538230702280998 -4.793690095539205e-05 -0.0006231797160580754 0.0 -0.06214531555601372 -0.38185230117172153 0.6902588544962391 1.569536439845169 -0.08940925936292546 0.1014653322698216
4160.784 0.007156080566346645 -1.4487651030169886 0.0001316070556640625 -1.57092792192568 -0.00599843660463506 7.190534961409867e-05 0.013326458632946014 0.07930681109428406 -0.0013662016717717052 -4.793690095539205e-05 -0.0005752427969127893 0.0 -0.06245397395429821 -0.3818614959083557 0.6902166430990907 1.5695182936649288 -0.08979581454385849 0.10211428490047163
4160.7919999999995 0.007168064825236797 -1.4481661955462855 0.00011968612670898438 -1.5709646383868616 -0.006022278462545216 8.388957940042019e-05 0.009223059751093388 0.07391870021820068 -0.0011744541116058826 -4.793690095539205e-05 -0.0005273059359751642 0.0 -0.06277154059594792 -0.38186450345524914 0.6901776495599022 1.5695023689843568 -0.090246824520069 0.10254632770903721
4160.8 0.0072395955212414265 -1.4475792090045374 9.584426879882812e-05 -1.57092792192568 -0.0060341993915002945 7.190534961409867e-05 0.0057524279691278934 0.06561602652072906 -0.0010785802733153105 -4.793690095539205e-05 -0.0005033374764025211 0.0 -0.06305941343365941 -0.38187124800540245 0.6901392015679085 1.5694887523856333 -0.09066191480817824 0.10305459486873499
4160.808 0.007216001395136118 -1.447076145802633 8.392333984375e-05 -1.5709403196917933 -0.006022278462545216 0.000107858024421148 0.0032213598024100065 0.0585021935403347 -0.0010785802733153105 -4.793690095539205e-05 -0.00045540055725723505 0.0 -0.06333143746489157 -0.38187161746632514 0.6901070497750413 1.5694699890199164 -0.09107539192697174 0.10344943103138006
4160.816 0.007180049084126949 -1.446608845387594 7.200241088867188e-05 -1.5709527174579065 -0.006070439015523732 5.992112710373476e-05 0.001859951764345169 0.05627791956067085 -0.0010785802733153105 -4.793690095539205e-05 -0.00043143212678842247 0.0 -0.06360495807613079 -0.38187117750644484 0.6900751380995772 1.5694580522401553 -0.09145169795104793 0.10369352669392094
4160.824 0.007156080566346645 -1.4461539427386683 8.392333984375e-05 -1.5709646383868616 -0.006070439015523732 7.190534961409867e-05 0.0013038837350904942 0.0561053492128849 -0.0010785802733153105 -4.793690095539205e-05 -0.0004074636672157794 0.0 -0.06386145080260275 -0.38187141754392306 0.6900446275679775 1.56944151654303 -0.09183723837654845 0.10404121377562711
4160.831999999999 0.007144096307456493 -1.4457343260394495 0.00010776519775390625 -1.5709403196917933 -0.006046120320455373 7.190534961409867e-05 0.000997087568975985 0.05340170860290527 -0.0010785802733153105 -4.793690095539205e-05 -0.0003834952076431364 0.0 -0.06409445517852924 -0.38187231138028255 0.6900162786630339 1.5694243145854438 -0.0921949803949202 0.10441810390142979
4160.84 0.007132112048566341 -1.4453032652484339 0.0001316070556640625 -1.5709403196917933 -0.0060341993915002945 3.5952674807049334e-05 0.0008245147182606161 0.04580850154161453 -0.0010785802733153105 -4.793690095539205e-05 -0.0003834952076431364 0.0 -0.06433486413314488 -0.3818732406237213 0.6899869472834317 1.5694092456351048 -0.0925241002646426 0.10474693191598584
4160.848 0.0070602064952254295 -1.4450038115130823 0.00014400482177734375 -1.5709403196917933 -0.006046120320455373 5.992112710373476e-05 0.000690291344653815 0.036144424229860306 -0.0010785802733153105 -4.793690095539205e-05 -0.00035952674807049334 0.0 -0.0645303064014065 -0.38186980864835235 0.6899659874002234 1.569394743062764 -0.09285360296068904 0.10494476185238212
4160.856 0.0070841750130057335 -1.4447882811175745 0.00010776519775390625 -1.5709403196917933 -0.00599843660463506 5.992112710373476e-05 0.0005944175645709038 0.02805267460644245 -0.0010785802733153105 -4.793690095539205e-05 -0.00033555831760168076 0.0 -0.06461368029790945 -0.38187194719130785 0.6899545003768691 1.5693870551176416 -0.09293827958872716 0.10514166593111172
4160.864 0.0070841750130057335 -1.4445841948138636 0.00015592575073242188 -1.5708921591388147 -0.006010357533590138 9.58738019107841e-05 0.000517718552146107 0.02299053780734539 -0.0009587380336597562 -4.793690095539205e-05 -0.00033555831760168076 0.0 -0.06474497854140131 -0.38187296344202193 0.6899379214556277 1.5693773286248913 -0.0932117921864735 0.10539642158808896
4160.871999999999 0.0070721907541155815 -1.4444645086871546 0.00011968612670898438 -1.570916000996725 -0.006022278462545216 9.58738019107841e-05 0.00046019424917176366 0.01679708994925022 -0.0008388957940042019 -4.793690095539205e-05 -0.0003115898580290377 0.0 -0.06480440629899464 -0.38187251306264736 0.6899311339178356 1.5693750949814453 -0.09327740177036015 0.10542440678728808
4160.88 0.0070482222363352776 -1.4443805853473108 0.00010776519775390625 -1.57092792192568 -0.0060341993915002945 5.992112710373476e-05 0.0004218447138555348 0.008858739398419857 -0.0007669904152862728 -4.793690095539205e-05 -0.0003115898580290377 0.0 -0.06485736498640358 -0.38187124574572706 0.6899256732350904 1.5693734587594728 -0.09332451012780886 0.1054151676087194
4160.888 0.007024254184216261 -1.4443805853473108 0.0001316070556640625 -1.5709403196917933 -0.00599843660463506 8.388957940042019e-05 0.0003834952076431364 0.004716990981251001 -0.0006950850947760046 -4.793690095539205e-05 -0.00028762139845639467 0.0 -0.06486297808935636 -0.3818696835165425 0.6899261239037789 1.569368529437058 -0.09334304029003568 0.10545221092249134
4160.896 0.007024254184216261 -1.4443567434894007 9.584426879882812e-05 -1.5708921591388147 -0.005986038838521779 5.992112710373476e-05 0.0003451456723269075 0.0023584954906255007 -0.0006471481756307185 -4.793690095539205e-05 -0.00028762139845639467 0.0 -0.06486598182292047 -0.3818696816490106 0.6899257147638116 1.5693674607262613 -0.0933429700680551 0.10547154976770155
4160.9039999999995 0.007036238443106413 -1.444416348134176 0.00011968612670898438 -1.5708921591388147 -0.006010357533590138 5.992112710373476e-05 0.00032597093377262354 0.0015339808305725455 -0.0005992112564854324 -4.793690095539205e-05 -0.0002636529679875821 0.0 -0.06484287691867062 -0.3818703666067529 0.6899279958529738 1.5693710664214526 -0.0933245396730921 0.10543384097201292
4160.912 0.007024254184216261 -1.4443805853473108 0.00014400482177734375 -1.570916000996725 -0.00599843660463506 7.190534961409867e-05 0.0003067961661145091 0.0011313108261674643 -0.0005512743955478072 -4.793690095539205e-05 -0.0002636529679875821 0.0 -0.0648686952100414 -0.3818697536088954 0.6899253479111432 1.569367920672543 -0.09336244798209672 0.10547164866923077
4160.92 0.0070602064952254295 -1.4444883505450647 0.00010776519775390625 -1.5708921591388147 -0.006022278462545216 7.190534961409867e-05 0.00028762139845639467 0.0009012137306854129 -0.0005033374764025211 -4.793690095539205e-05 -0.00023968450841493905 0.0 -0.06479463955058103 -0.3818716337099505 0.6899329048194892 1.5693756357469808 -0.09325860581540553 0.10538682626512742
4160.928 0.0070602064952254295 -1.4444883505450647 8.392333984375e-05 -1.5708921591388147 -0.005974117909566701 8.388957940042019e-05 0.00026844663079828024 0.0007478156476281583 -0.0004793690168298781 -4.793690095539205e-05 -0.00023968450841493905 0.0 -0.06477473430964328 -0.3818714523019101 0.6899354517310193 1.569372785824252 -0.09321153105352754 0.10541525635816122
4160.936 0.0070482222363352776 -1.4445484320269983 7.200241088867188e-05 -1.57092792192568 -0.005974117909566701 5.992112710373476e-05 0.00024927189224399626 0.0006327670998871326 -0.00045540055725723505 -4.793690095539205e-05 -0.00023968450841493905 0.0 -0.06474044215709902 -0.38187036818996245 0.6899403973354404 1.5693760872419313 -0.09311746709754538 0.10530241394223398
4160.9439999999995 0.0070602064952254295 -1.4444883505450647 2.384185791015625e-05 -1.570916000996725 -0.00599843660463506 5.992112710373476e-05 0.00023009712458588183 0.0005560680292546749 -0.00045540055725723505 -4.793690095539205e-05 -0.00021571606339421123 0.0 -0.06476144583419997 -0.38187127132239357 0.6899372248054578 1.5693774881148266 -0.09314592155204812 0.10531142446294495
4160.952 0.0070961592718958855 -1.4444883505450647 -3.5587941304981996e-05 -1.5709040800677698 -0.005962196980611623 5.992112710373476e-05 0.0002109223569277674 0.0004985437844879925 -0.00045540055725723505 -4.793690095539205e-05 -0.00021571606339421123 0.0 -0.06472147293491665 -0.3818733346533125 0.6899405825033024 1.5693786965378609 -0.09305204184736891 0.1053307135815079
4160.96 0.0070602064952254295 -1.444512669240133 2.384185791015625e-05 -1.5709040800677698 -0.005974117909566701 7.190534961409867e-05 0.0002109223569277674 0.0004410194815136492 -0.00045540055725723505 -4.793690095539205e-05 -0.00021571606339421123 0.0 -0.06474287540913637 -0.381871142745684 0.6899395401884381 1.569376002905227 -0.09312651423055918 0.10533017351959795
4160.968 0.0070482222363352776 -1.4444883505450647 3.5762786865234375e-05 -1.57092792192568 -0.00599843660463506 8.388957940042019e-05 0.0001917476038215682 0.0004026699753012508 -0.00045540055725723505 -4.793690095539205e-05 -0.00021571606339421123 0.0 -0.06476854258353339 -0.38187052183736453 0.6899369146892803 1.5693759585751033 -0.09317413639038459 0.10532083840466365
4160.976 0.0070841750130057335 -1.4444525877581995 3.5762786865234375e-05 -1.57092792192568 -0.005974117909566701 2.3968450477696024e-05 0.0001917476038215682 0.00036432043998502195 -0.00045540055725723505 -4.793690095539205e-05 -0.0001917476038215682 0.0 -0.06476756479966449 -0.38187293445036796 0.689935328274767 1.5693773136446818 -0.09310789923244722 0.10534916453009205
4160.9839999999995 0.0070602064952254295 -1.4444645086871546 6.008148193359375e-05 -1.5709040800677698 -0.005937878285543263 8.388957940042019e-05 0.00017257283616345376 0.00032597093377262354 -0.00045540055725723505 -4.793690095539205e-05 -0.0001917476038215682 0.0 -0.064769833716143 -0.38187137133729937 0.689936133938964 1.5693706285722058 -0.09317376273856712 0.10543428410168473
4160.992 0.0070482222363352776 -1.4444525877581995 4.8160552978515625e-05 -1.570916000996725 -0.005974117909566701 5.992112710373476e-05 0.00017257283616345376 0.0003067961661145091 -0.00045540055725723505 -4.793690095539205e-05 -0.0001917476038215682 0.0 -0.06478596596679122 -0.38187066150821636 0.6899347061408343 1.5693732974310586 -0.09318340987583128 0.10536827193427546
4161.0 0.0070721907541155815 -1.4444287459002894 8.392333984375e-05 -1.5708921591388147 -0.005962196980611623 7.190534961409867e-05 0.00017257283616345376 0.00028762139845639467 -0.00045540055725723505 -4.793690095539205e-05 -0.0001917476038215682 0.0 -0.0647990465885617 -0.3818724284847728 0.6899318376933158 1.5693711590934276 -0.0932301925409789 0.10547139095310816
4161.008 0.0070841750130057335 -1.444404427205221 4.8160552978515625e-05 -1.5708921591388147 -0.005962196980611623 2.3968450477696024e-05 0.00015339808305725455 0.00026844663079828024 -0.00045540055725723505 -4.793690095539205e-05 -0.0001917476038215682 0.0 -0.06479697827333293 -0.38187317518958597 0.689931569641712 1.5693736545373569 -0.09317418642232256 0.10543414938156885
4161.016 0.0071081435307860374 -1.444404427205221 6.008148193359375e-05 -1.570916000996725 -0.005962196980611623 5.992112710373476e-05 0.00015339808305725455 0.00024927189224399626 -0.00045540055725723505 -4.793690095539205e-05 -0.00016777915880084038 0.0 -0.06478934035288886 -0.38187474111825004 0.6899314061010035 1.5693742452259016 -0.09317427425377375 0.1054718295397805
4161.023999999999 0.007036238443106413 -1.4444287459002894 4.8160552978515625e-05 -1.5709040800677698 -0.005962196980611623 9.58738019107841e-05 0.00015339808305725455 0.00023009712458588183 -0.00045540055725723505 -4.793690095539205e-05 -0.00016777915880084038 0.0 -0.06480119392419612 -0.3818699635215436 0.6899333561337957 1.569369530014386 -0.09323978191249507 0.10542451191438705
4161.032 0.007012269925326109 -1.4443324247943323 4.8160552978515625e-05 -1.5709040800677698 -0.00599843660463506 8.388957940042019e-05 0.00013422331539914012 0.00023009712458588183 -0.00045540055725723505 -4.793690095539205e-05 -0.00016777915880084038 0.0 -0.06487184464543945 -0.38186884584458025 0.6899256306588036 1.569367642035487 -0.09335324890204663 0.10544348364480889
4161.04 0.007012269925326109 -1.4443324247943323 6.008148193359375e-05 -1.5709040800677698 -0.005949799214498341 8.388957940042019e-05 0.00013422331539914012 0.0002109223569277674 -0.00045540055725723505 -4.793690095539205e-05 -0.00016777915880084038 0.0 -0.06486238882881651 -0.38186878508943456 0.689926823102424 1.5693641224419181 -0.09332444504354874 0.10549098916914317
4161.048 0.007036238443106413 -1.4443567434894007 8.392333984375e-05 -1.5708802382098597 -0.005962196980611623 9.58738019107841e-05 0.00013422331539914012 0.0002109223569277674 -0.00045540055725723505 -4.793690095539205e-05 -0.00016777915880084038 0.0 -0.06485252178513333 -0.38187038265730255 0.6899268343598716 1.5693655013046668 -0.09334312147752617 0.10552786622822743
4161.056 0.0070602064952254295 -1.4443324247943323 3.5762786865234375e-05 -1.5708921591388147 -0.005962196980611623 4.793690095539205e-05 0.00013422331539914012 0.0001917476038215682 -0.00045540055725723505 -4.793690095539205e-05 -0.00016777915880084038 0.0 -0.0648412054660834 -0.3818718511059193 0.6899271888305104 1.5693694006803502 -0.09325863494742553 0.10548092413999832
4161.063999999999 0.0070482222363352776 -1.444272820149557 4.8160552978515625e-05 -1.5709403196917933 -0.005962196980611623 8.388957940042019e-05 0.00011504856229294091 0.0001917476038215682 -0.00045540055725723505 -4.793690095539205e-05 2.3968450477696024e-05 0.0 -0.06487745723291319 -0.3818712844772334 0.6899232843501746 1.5693664567485648 -0.09331500446989965 0.10551844410773491
4161.072 0.0071081435307860374 -1.4442127386676233 1.1920928955078125e-05 -1.5708921591388147 -0.005914036427633107 9.58738019107841e-05 0.00011504856229294091 0.008839564397931099 -0.0004793690168298781 -4.793690095539205e-05 2.3968450477696024e-05 0.0 -0.06486739102979283 -0.3818752297692183 0.6899216608386219 1.5693643645945727 -0.09329624557320489 0.10566915421768668
4161.08 0.007156080566346645 -1.4440811316119593 1.1920928955078125e-05 -1.5709040800677698 -0.005902115498678029 3.5952674807049334e-05 0.00011504856229294091 0.019750002771615982 -0.0004793690168298781 -4.793690095539205e-05 2.3968450477696024e-05 0.0 -0.06491570752601844 -0.38187880206846253 0.689913323401697 1.5693644096526582 -0.09329627051811692 0.10576303741157017
4161.088 0.007132112048566341 -1.4437812010394495 -5.990663637334137e-05 -1.5708921591388147 -0.005878273640767873 5.992112710373476e-05 0.00011504856229294091 0.031216509640216827 -0.0004793690168298781 -4.793690095539205e-05 2.3968450477696024e-05 0.0 -0.06505963102605643 -0.3818781048808615 0.6898964607446685 1.5693524320902625 -0.09350379201622437 0.1059700721802967
4161.096 0.0071081435307860374 -1.4435418287860315 -2.366701234990387e-05 -1.570916000996725 -0.005878273640767873 8.388957940042019e-05 0.00011504856229294091 0.041321609169244766 -0.0004793690168298781 -4.793690095539205e-05 2.3968450477696024e-05 0.0 -0.06520627440636118 -0.3818775490929666 0.6898791343269791 1.5693418354116466 -0.09373915479366632 0.10616772697100607
4161.103999999999 0.007156080566346645 -1.443110767995016 -7.18275653284195e-05 -1.570916000996725 -0.005890194569722951 7.190534961409867e-05 0.00011504856229294091 0.05192524939775467 -0.0020852552261203527 -4.793690095539205e-05 2.3968450477696024e-05 0.0 -0.06540881205971333 -0.38188218076041447 0.6898512924508077 1.569333009093839 -0.09400234576270095 0.10648711264847284
4161.112 0.007144096307456493 -1.4426434675799769 -7.18275653284195e-05 -1.5709040800677698 -0.005902115498678029 4.793690095539205e-05 9.58738019107841e-05 0.059959474951028824 -0.0020852552261203527 -4.793690095539205e-05 2.3968450477696024e-05 0.0 -0.06566896101651853 -0.3818832171586871 0.6898188669210289 1.5693179292018424 -0.094378702340371 0.10682571676984645
4161.12 0.007144096307456493 -1.4421523253070276 -5.990663637334137e-05 -1.570916000996725 -0.005878273640767873 3.5952674807049334e-05 9.58738019107841e-05 0.06745680421590805 -0.0020852552261203527 -4.793690095539205e-05 2.3968450477696024e-05 0.0 -0.06592931470870063 -0.38188506480466966 0.6897857505599961 1.569300257997447 -0.0947363845693258 0.1072205319421815
4161.128 0.007144096307456493 -1.4415410200702112 -0.000119511281148732 -1.5709040800677698 -0.005890194569722951 8.388957940042019e-05 0.0 0.07100413739681244 -0.0020852552261203527 -4.793690095539205e-05 2.3968450477696024e-05 0.0 -0.06624468989120351 -0.381887229594714 0.6897454938013393 1.56928032520471 -0.09522618576162004 0.10769117283158446
4161.1359999999995 0.007204017601907253 -1.440930191670553 -0.00010759035219365387 -1.5709040800677698 -0.005878273640767873 4.793690095539205e-05 0.0 0.08686166256666183 -0.0019174760673195124 -4.793690095539205e-05 2.3968450477696024e-05 0.0 -0.06655068015525216 -0.38189356066857294 0.6897032526030638 1.5692634484207464 -0.09563080521640083 0.10820816983332948
4161.144 0.00722798565402627 -1.4402111212359827 -9.566942323857575e-05 -1.5709040800677698 -0.005853954945699513 8.388957940042019e-05 0.0 0.07100413739681244 -0.0015579493483528495 -4.793690095539205e-05 2.3968450477696024e-05 0.0 -0.06692527719146163 -0.3818979158830612 0.6896537116975536 1.569237325879136 -0.09619538804889266 0.10884806806494625
4161.152 0.00722798565402627 -1.4394686857806605 -0.00021535554994756012 -1.570916000996725 -0.005878273640767873 4.793690095539205e-05 0.0 0.10011142492294312 -0.0014620755100622773 -4.793690095539205e-05 2.3968450477696024e-05 0.0 -0.06729462696127404 -0.3819004036209356 0.6896059304995924 1.569218683856444 -0.09666616334461592 0.10928011510263674
4161.16 0.007287532556802034 -1.438618008290426 -0.000287357960836232 -1.5709040800677698 -0.005865875874654591 5.992112710373476e-05 0.0011888351291418076 0.10540365427732468 -0.010929613374173641 -4.793690095539205e-05 2.3968450477696024e-05 0.0 -0.0677057094981478 -0.3819074532666517 0.6895493656837479 1.5691938147281985 -0.09724028330118338 0.10996647960539557
4161.168 0.007395390421152115 -1.4377792517291468 -0.00034791627992802887 -1.5708921591388147 -0.005865875874654591 3.5952674807049334e-05 0.0062701464630663395 0.11274758726358414 -0.009443569928407669 -4.793690095539205e-05 2.3968450477696024e-05 0.0 -0.06809857408130536 -0.38191786341264966 0.689492394039643 1.5691740214857128 -0.09775764439123763 0.11065245911560992
4161.1759999999995 0.007443327456712723 -1.4368327299701136 -0.00046760240663701325 -1.57092792192568 -0.005878273640767873 7.190534961409867e-05 0.009951700456440449 0.11884516477584839 -0.006471481639891863 -4.793690095539205e-05 2.3968450477696024e-05 0.0 -0.06855402435482597 -0.38192444845318074 0.6894299475008004 1.569148494165586 -0.09837958220305672 0.1113293804171133
4161.184 0.007551185321062803 -1.4358623663531702 -0.000443760548726857 -1.570916000996725 -0.005878273640767873 8.388957940042019e-05 0.015800002962350845 0.1276272088289261 -0.0036911414936184883 -4.793690095539205e-05 2.3968450477696024e-05 0.0 -0.06904246073253685 -0.3819358451334037 0.6893593580630551 1.5691200694454113 -0.09909478964911023 0.11221320810442688
4161.192 0.007766152266412973 -1.434808079396383 -0.000527683888570607 -1.570916000996725 -0.005865875874654591 5.992112710373476e-05 0.023968450725078583 0.13520123064517975 -0.003379551460966468 -4.793690095539205e-05 2.3968450477696024e-05 0.0 -0.0694988747784402 -0.381954712217101 0.6892871956737181 1.5690995304578113 -0.09966012104660561 0.1131344109940863
4161.2 0.008017821237444878 -1.4337180296527308 -0.000611607228414357 -1.5709040800677698 -0.005878273640767873 8.388957940042019e-05 0.031216509640216827 0.14340803027153015 -0.005273059010505676 -4.793690095539205e-05 0.0004793690168298781 0.0 -0.06996802128458263 -0.38197658599994255 0.689210820430948 1.5690798089637343 -0.10029126355608885 0.11414003933121566
4161.208 0.008269115351140499 -1.4325078169452112 -0.000611607228414357 -1.57092792192568 -0.005865875874654591 4.793690095539205e-05 0.03708398714661598 0.15242016315460205 -0.005273059010505676 -4.793690095539205e-05 0.0004793690168298781 0.0 -0.07051694372567598 -0.3819994317642238 0.6891229047477786 1.5690544628910366 -0.1009883491681733 0.115249952719925
4161.215999999999 0.008579956367611885 -1.4312618414508265 -0.0006473700152795914 -1.5709403196917933 -0.005865875874654591 7.190534961409867e-05 0.04020947217941284 0.15832599997520447 -0.004865595605224371 -4.793690095539205e-05 0.0004793690168298781 0.0 -0.07105592264888408 -0.3820268795272409 0.6890324474207574 1.5690312743759454 -0.10170460961275513 0.11645286029177239
4161.224 0.00891514029353857 -1.4299567381488245 -0.0006712118731897476 -1.57092792192568 -0.005878273640767873 5.992112710373476e-05 0.04061214253306389 0.16566993296146393 -0.004865595605224371 -4.793690095539205e-05 0.0004793690168298781 0.0 -0.07162614264963417 -0.3820568335448017 0.6889354496668797 1.5690085803506242 -0.10245856782645783 0.11771217763626703
4161.232 0.009249948896467686 -1.4285662809955042 -0.0006235281573694351 -1.570916000996725 -0.005890194569722951 5.992112710373476e-05 0.040823064744472504 0.16885294020175934 -0.0031398669816553593 -4.793690095539205e-05 0.0004793690168298781 0.0 -0.072263139151607 -0.38208789183685044 0.6888280474181467 1.5689799916958334 -0.10334467503350139 0.11910379812534538
4161.24 0.009573523886501789 -1.4272006193744105 -0.0006473700152795914 -1.5709040800677698 -0.005853954945699513 7.190534961409867e-05 0.03971092775464058 0.17581337690353394 -0.002253034384921193 -4.793690095539205e-05 0.0004793690168298781 0.0 -0.07285702098725864 -0.38211804257202614 0.6887263880462549 1.5689496994999845 -0.10413564790057087 0.12045805801514818
4161.248 0.009848786517977715 -1.425774876271383 -0.0006354490863245132 -1.5709040800677698 -0.005842034016744435 7.190534961409867e-05 0.03658544272184372 0.18490220606327057 -0.0017736653098836541 -4.793690095539205e-05 0.0004793690168298781 0.0 -0.07351748652025958 -0.38214558573092505 0.6886167969444887 1.5689151392013172 -0.10504004549378926 0.12181181711189597
4161.255999999999 0.010171610862016678 -1.4242776075946253 -0.0006950537310999039 -1.5708921591388147 -0.005865875874654591 4.793690095539205e-05 0.0350131131708622 0.19966678321361542 -0.0014381069922819734 -4.793690095539205e-05 0.0004793690168298781 0.0 -0.07418741597230727 -0.38217724897030236 0.6885021231590909 1.5688865694889291 -0.10592585551389315 0.1231653402686017
4161.264 0.01045923214405775 -1.4227078596698206 -0.0007074514972131851 -1.5709403196917933 -0.005842034016744435 5.992112710373476e-05 0.03744830563664436 0.20831459760665894 -0.0012223910307511687 -4.793690095539205e-05 0.0004793690168298781 0.0 -0.07490568132292594 -0.382207127575906 0.6883811900493411 1.5688480232403668 -0.10687691101782326 0.1246035957310433
4161.272 0.010818010196089745 -1.4210427443133753 -0.0007193724261682632 -1.5709403196917933 -0.005830113087789357 0.000107858024421148 0.042337872087955475 0.2098294049501419 -0.0010546118719503284 -4.793690095539205e-05 0.0004793690168298781 0.0 -0.0756550590281942 -0.3822434885347641 0.6882501987296199 1.5688087629399587 -0.10792296011053834 0.12622959825454266
4161.28 0.01115319412201643 -1.4194133917437952 -0.0007074514972131851 -1.570916000996725 -0.005853954945699513 7.190534961409867e-05 0.048895638436079025 0.21615707874298096 -0.0009347695740871131 -4.793690095539205e-05 0.0004793690168298781 0.0 -0.07641262743898668 -0.3822786786724516 0.6881177491174721 1.5687732437003385 -0.10895936672168766 0.12775296909306683
4161.288 0.011583876796066761 -1.4176281134234827 -0.0007193724261682632 -1.570916000996725 -0.005878273640767873 8.388957940042019e-05 0.055702678859233856 0.22507333755493164 -0.0008388957940042019 -4.793690095539205e-05 0.0004793690168298781 0.0 -0.07720809762715908 -0.38232259837071253 0.6879725538984506 1.5687383289786017 -0.11004374016074132 0.12947305231229442
4161.295999999999 0.012086465954780579 -1.4157713095294397 -0.0007193724261682632 -1.5709403196917933 -0.005853954945699513 7.190534961409867e-05 0.06289321184158325 0.22931095957756042 -0.0007430219557136297 -4.793690095539205e-05 0.0004793690168298781 0.0 -0.07800265925037572 -0.38237319091291966 0.6878215464282077 1.5687031433867162 -0.11106132530222572 0.13131523247207494
4161.304 0.01257706992328167 -1.4138901869403284 -0.0007312933551233414 -1.57092792192568 -0.005865875874654591 5.992112710373476e-05 0.06872233748435974 0.23278158903121948 -0.0006950850947760046 -4.793690095539205e-05 0.0004793690168298781 0.0 -0.0788237242707219 -0.382424022194283 0.6876651939746321 1.5686681627565986 -0.11215534309652073 0.13315813617292901
4161.312 0.013139579445123672 -1.411985222493307 -0.0007432142840784195 -1.570916000996725 -0.005853954945699513 9.58738019107841e-05 0.07272986322641373 0.2395886331796646 -0.0006231797160580754 -4.793690095539205e-05 0.0004793690168298781 0.0 -0.07962335475068272 -0.38248154963130276 0.6875059427197834 1.56863373159154 -0.11323043275708596 0.13513206665903502
4161.32 0.013809572905302048 -1.41002065340151 -0.0007193724261682632 -1.57092792192568 -0.005853954945699513 8.388957940042019e-05 0.07978617399930954 0.2468942105770111 -0.0005752427969127893 -4.793690095539205e-05 0.0004793690168298781 0.0 -0.08042512844195332 -0.3825493705450287 0.6873377914524614 1.5686073812614865 -0.11424928316024661 0.13719950562252411
4161.3279999999995 0.014479565434157848 -1.408055607472555 -0.0007074514972131851 -1.570916000996725 -0.005853954945699513 5.992112710373476e-05 0.08887501060962677 0.2577663064002991 -0.0005512743955478072 -4.793690095539205e-05 0.0004793690168298781 0.0 -0.08122525976802475 -0.38261841139998065 0.6871677261311427 1.5685811944080827 -0.11526853145397307 0.13926722539272415
4161.336 0.01524543296545744 -1.4059951941119593 -0.0007312933551233414 -1.5709040800677698 -0.005830113087789357 8.388957940042019e-05 0.09564370661973953 0.2635762691497803 -0.0005033374764025211 -4.793690095539205e-05 0.00045540055725723505 0.0 -0.08202248920061204 -0.38269701753465923 0.6869900206537135 1.5685560693102751 -0.11627863881090056 0.14151315830811306
4161.344 0.016083205118775368 -1.403862778340475 -0.0007789770709436539 -1.570916000996725 -0.005865875874654591 7.190534961409867e-05 0.10467501729726791 0.26930952072143555 -0.0005033374764025211 -4.793690095539205e-05 0.00043143212678842247 0.0 -0.0828370780351778 -0.38278371221002083 0.6868026083888777 1.5685421039954757 -0.11727016471458072 0.14375961754977748
4161.352 0.01696891337633133 -1.4017060438739222 -0.0008271376239221695 -1.5709040800677698 -0.005853954945699513 7.190534961409867e-05 0.11253666877746582 0.27272260189056396 -0.0005033374764025211 -4.793690095539205e-05 0.0004074636672157794 0.0 -0.08363503683300426 -0.38287608014323454 0.6866123920316203 1.5685258620439302 -0.11823375878858958 0.14612781009975206
4161.36 0.01793813891708851 -1.3995016256915491 -0.0008629004107874039 -1.57092792192568 -0.005865875874654591 8.388957940042019e-05 0.1192861869931221 0.2751961648464203 -0.0036432044580578804 -4.793690095539205e-05 0.0003834952076431364 0.0 -0.08443295885944999 -0.3829777856881043 0.6864142575900184 1.5685171500228425 -0.11917930444425169 0.1485712855370937
4161.3679999999995 0.01891934685409069 -1.3972371260272425 -0.0009234587298792007 -1.5709403196917933 -0.005865875874654591 8.388957940042019e-05 0.1325167715549469 0.27590563893318176 -0.0036432044580578804 -4.793690095539205e-05 0.00035952674807049334 0.0 -0.08524835178088702 -0.3830828062808344 0.6862096683169461 1.5685073919931056 -0.1201335678632295 0.1510606722324728
4161.376 0.020080318674445152 -1.3950088659869593 -0.0008872191058557632 -1.5709527174579065 -0.005853954945699513 8.388957940042019e-05 0.14977405965328217 0.27887770533561707 -0.0029241510201245546 -4.793690095539205e-05 0.00035952674807049334 0.0 -0.08600017186462998 -0.3832054937101468 0.686001281566847 1.5685096467313928 -0.12098541250040959 0.1537479921936958
4161.384 0.021324805915355682 -1.3926966826068323 -0.0008509794818323257 -1.5709403196917933 -0.005865875874654591 4.793690095539205e-05 0.1595340073108673 0.29532966017723083 -0.002157160546630621 -4.793690095539205e-05 0.00033555831760168076 0.0 -0.08677251951405121 -0.3833388258762519 0.6857807151778921 1.5685189684268734 -0.12184789835548994 0.15653919617102305
4161.392 0.02265280671417713 -1.3903124968158167 -0.0008390585528772476 -1.57092792192568 -0.005878273640767873 8.388957940042019e-05 0.1707128882408142 0.30717965960502625 -0.001701759989373386 -4.793690095539205e-05 0.0003115898580290377 0.0 -0.08754353419857547 -0.3834826476151294 0.6855515942713118 1.5685313384089872 -0.12273957475288559 0.15948925901323083
4161.4 0.024041105061769485 -1.3878567854510706 -0.0008629004107874039 -1.5709403196917933 -0.005865875874654591 7.190534961409867e-05 0.18561168015003204 0.31080368161201477 -0.001390170189552009 -4.793690095539205e-05 0.0003115898580290377 0.0 -0.08830966695312252 -0.38363489138693757 0.6853160180521308 1.5685485509418127 -0.12353580720198205 0.1624768762410727
4161.407999999999 0.025608791038393974 -1.3853886763202112 -0.000947300587789357 -1.570916000996725 -0.005878273640767873 7.190534961409867e-05 0.2015267312526703 0.308732807636261 -0.0011984225129708648 -4.793690095539205e-05 0.00028762139845639467 0.0 -0.08900460736872616 -0.38380586636199615 0.6850775588477486 1.5685844985879758 -0.12421173973574501 0.16558609008442965
4161.416 0.02722441405057907 -1.3828848044024866 -0.0009830633746545914 -1.5709403196917933 -0.005865875874654591 5.992112710373476e-05 0.22047139704227448 0.30365151166915894 -0.0011744541116058826 -4.793690095539205e-05 0.00028762139845639467 0.0 -0.08970291896907237 -0.383984891734064 0.6848317219142731 1.568622410600523 -0.1248496012944088 0.16877087828918969
4161.424 0.028959505259990692 -1.380380932484762 -0.0009592215167444351 -1.57092792192568 -0.005865875874654591 7.190534961409867e-05 0.23598377406597137 0.30135053396224976 -0.0011744541116058826 -4.793690095539205e-05 0.0002636529679875821 0.0 -0.09037814797167354 -0.38417874318479134 0.6845779595540515 1.568669052211358 -0.1254983853733111 0.1721340045748503
4161.432 0.03088597021996975 -1.3779366652118128 -0.000947300587789357 -1.5709527174579065 -0.005890194569722951 8.388957940042019e-05 0.252397358417511 0.30923137068748474 -0.0011744541116058826 -4.793690095539205e-05 0.0002636529679875821 0.0 -0.09094687979551808 -0.3843924772244284 0.684327040552718 1.5687406383714753 -0.12593123776763465 0.1755427579590996
4161.44 0.03298058733344078 -1.375528637562887 -0.0009115378009241226 -1.5708921591388147 -0.005890194569722951 4.793690095539205e-05 0.26386386156082153 0.3235165476799011 -0.0011744541116058826 -4.793690095539205e-05 0.0002636529679875821 0.0 -0.0914382044105657 -0.3846248811940838 0.6840750078821165 1.5688260333700734 -0.12623329521070725 0.17912199571745785
4161.447999999999 0.03514636307954788 -1.372880760823385 -0.0009353796588342789 -1.570916000996725 -0.005878273640767873 7.190534961409867e-05 0.2757714092731476 0.3335449695587158 -0.0011744541116058826 -4.793690095539205e-05 0.00023968450841493905 0.0 -0.09200087654360382 -0.3848709219350031 0.683800229796471 1.5689117289438896 -0.12659318629480476 0.18288825826715946
4161.456 0.0373840406537056 -1.3703048864947718 -0.0009954611407678726 -1.57092792192568 -0.005853954945699513 5.992112710373476e-05 0.29005658626556396 0.3318383991718292 -0.0014620755100622773 -4.793690095539205e-05 0.00023968450841493905 0.0 -0.09248337930512399 -0.3851258781472925 0.6835320826235424 1.5690098108937927 -0.12678336162087672 0.18661665528486374
4161.464 0.03978950157761574 -1.3676093260394495 -0.0010913054095667007 -1.57092792192568 -0.005853954945699513 5.992112710373476e-05 0.3079274892807007 0.3260476291179657 -0.007454188074916601 -4.793690095539205e-05 0.00023968450841493905 0.0 -0.09296036201769281 -0.3854028534557383 0.6832482253880224 1.5691237323558997 -0.1269463745117852 0.19054194665970536
4161.472 0.04230206832289696 -1.3649733702289026 -0.0010913054095667007 -1.57092792192568 -0.005853954945699513 4.793690095539205e-05 0.32871291041374207 0.3206019997596741 -0.010090718045830727 -4.793690095539205e-05 0.00021571606339421123 0.0 -0.09339079076508726 -0.3856942951494304 0.6829613066383923 1.5692494731197284 -0.1270448060113087 0.19457014879257978
4161.48 0.04493522644042969 -1.3623259703265589 -0.0010550657855432632 -1.5709040800677698 -0.005925957356588185 4.793690095539205e-05 0.34708234667778015 0.3313015103340149 -0.005392901599407196 -4.793690095539205e-05 0.00021571606339421123 0.0 -0.0938105672131245 -0.3860033717588076 0.6826627346745602 1.569394598681823 -0.12717108388825127 0.19870186629246203
4161.487999999999 0.04785488545894623 -1.3596423308001917 -0.001031223927633107 -1.57092792192568 -0.005890194569722951 9.58738019107841e-05 0.36612287163734436 0.3525087833404541 -0.0032357408199459314 -4.793690095539205e-05 0.00021571606339421123 0.0 -0.09410117379208187 -0.38634340598256234 0.6823639450638413 1.569555246969302 -0.12700816917470753 0.20316118351732632
4161.496 0.050930336117744446 -1.3568509260760706 -0.0010913054095667007 -1.57092792192568 -0.005890194569722951 5.992112710373476e-05 0.3802163302898407 0.3666214048862457 -0.0023009711876511574 -4.793690095539205e-05 0.00021571606339421123 0.0 -0.09437355075143465 -0.38670523513414834 0.682051939648546 1.56973882146544 -0.12672313522967593 0.20768589562016407
4161.504 0.054053351283073425 -1.3539870421039026 -0.0011509100543420914 -1.5709403196917933 -0.005830113087789357 4.793690095539205e-05 0.3928908407688141 0.365624338388443 -0.001797633827663958 -4.793690095539205e-05 0.0001917476038215682 0.0 -0.09464699611743811 -0.3870779959167748 0.681731210678256 1.5699198906916405 -0.12642072611226304 0.21236088428312788
4161.512 0.05723666027188301 -1.3511365095721644 -0.001294438038961232 -1.5709403196917933 -0.005865875874654591 7.190534961409867e-05 0.41371461749076843 0.35085976123809814 -0.014093449339270592 -4.793690095539205e-05 0.0001917476038215682 0.0 -0.09488948023689418 -0.38746152256343924 0.6814075376770202 1.5701234665222836 -0.12610781858338685 0.2169693332298974
4161.5199999999995 0.060479890555143356 -1.348224941884176 -0.0013902823077600601 -1.5709527174579065 -0.005853954945699513 8.388957940042019e-05 0.43294692039489746 0.34503063559532166 -0.02641323208808899 -4.793690095539205e-05 0.0001917476038215682 0.0 -0.09513888063460203 -0.38785817015025337 0.6810724312468348 1.570327686211397 -0.12577736815724758 0.22172789891520497
4161.528 0.0639616847038269 -1.3453968206988733 -0.0015342871295374039 -1.5709527174579065 -0.005890194569722951 3.5952674807049334e-05 0.44711706042289734 0.36010199785232544 -0.027228159829974174 -4.793690095539205e-05 0.0001917476038215682 0.0 -0.09524872817164033 -0.3882803090094454 0.6807431149563794 1.5705700110988592 -0.12515693903910163 0.22649492982519825
4161.536 0.06758803129196167 -1.342461887990133 -0.0017145315753381851 -1.5709884802447718 -0.005914036427633107 3.5952674807049334e-05 0.45212167501449585 0.38084909319877625 -0.02154763787984848 -0.015291871502995491 0.0001917476038215682 0.0 -0.0953393027953189 -0.38872423703666814 0.6804007356451169 1.5708252606259987 -0.12447906558481929 0.23144936353681805
4161.544 0.0712495893239975 -1.3393824736224573 -0.0020740667926233414 -1.5712044874774378 -0.005890194569722951 8.388957940042019e-05 0.4615364670753479 0.3891325891017914 -0.040362872183322906 -0.02154763787984848 0.00016777915880084038 0.0 -0.09541012807143742 -0.38917664279891984 0.6800553008449374 1.5710846923671788 -0.12360520921815168 0.23633701952218708
4161.552 0.07500702142715454 -1.3362792173968714 -0.002457920704976857 -1.5713489691363733 -0.005878273640767873 5.992112710373476e-05 0.47961828112602234 0.38428136706352234 -0.05644570291042328 -0.02051699347794056 0.00016777915880084038 0.0 -0.09545507109333966 -0.38964495420295314 0.679702064227769 1.5713587453582478 -0.12266497458848115 0.2412894046168364
4161.5599999999995 0.07885994762182236 -1.3331525961505335 -0.002961460744039357 -1.5715649763690394 -0.005890194569722951 8.388957940042019e-05 0.5000202059745789 0.3712233603000641 -0.08139685541391373 -0.02713228575885296 0.00016777915880084038 0.0 -0.09543759530574733 -0.3901262052095807 0.6793499480253478 1.571651264146844 -0.12157425272844656 0.24620336291299258
4161.568 0.08289264142513275 -1.3301213423358362 -0.0035241285907190445 -1.571733299885885 -0.005914036427633107 5.992112710373476e-05 0.5090323686599731 0.38265150785446167 -0.09215869009494781 -0.017496969550848007 0.00016777915880084038 0.0 -0.09528644034800342 -0.39062512691529416 0.6790081331574465 1.571970178394103 -0.12022997695674241 0.2511271067973579
4161.576 0.08700922131538391 -1.3270304838763636 -0.004183594380513966 -1.5717814604388636 -0.005878273640767873 5.992112710373476e-05 0.5117168426513672 0.40410807728767395 -0.05711681768298149 -0.007190535310655832 0.00016777915880084038 0.0 -0.09509675106279802 -0.3911367932725866 0.6786628386197966 1.5722893765557757 -0.1188578107719991 0.2562465676624477
4161.584 0.09113778918981552 -1.3239873091327112 -0.004579846058980763 -1.5718415419207972 -0.005865875874654591 7.190534961409867e-05 0.5214000940322876 0.40629398822784424 -0.019869845360517502 -0.004793690051883459 0.00016777915880084038 0.0 -0.09495472098347066 -0.39166001895066554 0.6782996075689246 1.5726123176674784 -0.11766413700714844 0.26152580041525275
4161.592 0.09548169374465942 -1.3209083716021937 -0.004843537007467091 -1.5719259420977991 -0.005853954945699513 8.388957940042019e-05 0.5440263152122498 0.3830925226211548 -0.019941750913858414 -0.007286408916115761 0.00014381069922819734 0.0 -0.09477948807985476 -0.39221446783960073 0.6779183251146412 1.572956867017627 -0.11641552694534117 0.2670857193287832
4161.599999999999 0.09989750385284424 -1.3178895155536097 -0.005035225545064748 -1.5719979445086878 -0.005890194569722951 3.5952674807049334e-05 0.561130166053772 0.3593350052833557 -0.045707836747169495 -0.015052187256515026 0.00014381069922819734 0.0 -0.09457462728081803 -0.3927818635580199 0.6775318107024116 1.5733210641807645 -0.11511973309669082 0.2726357920143267
4161.608 0.1042410358786583 -1.3149541060077112 -0.005346600209371388 -1.572045628224508 -0.005914036427633107 8.388957940042019e-05 0.5644665956497192 0.3556917905807495 -0.06397179514169693 -0.012679310515522957 0.00014381069922819734 0.0 -0.09431469449145212 -0.3933397295820715 0.6771612513419412 1.573682415545064 -0.11380546016254588 0.2780732853519625
4161.616 0.10870479047298431 -1.3119705359088343 -0.0056946913348596695 -1.5720813910113733 -0.005890194569722951 5.992112710373476e-05 0.5736321210861206 0.37743598222732544 -0.03700728714466095 -0.005392901599407196 0.00014381069922819734 0.0 -0.09400651419796857 -0.3939142334955964 0.6767857891034914 1.574052723670569 -0.112321402381501 0.2836036568600299
4161.624 0.11346739530563354 -1.3089631239520472 -0.00600606599916631 -1.5720937887774866 -0.005890194569722951 5.992112710373476e-05 0.5796530246734619 0.3962080776691437 -0.020373182371258736 -0.0032357408199459314 0.00014381069922819734 0.0 -0.09360712346057004 -0.39452528119769004 0.6763980413346129 1.5744577036727343 -0.11070640727984758 0.2894331878906641
4161.632 0.11826594918966293 -1.3057768980609339 -0.006126228963033498 -1.57213002840151 -0.005830113087789357 5.992112710373476e-05 0.5915030241012573 0.3956136405467987 -0.011744541116058826 -0.0023009711876511574 0.00014381069922819734 0.0 -0.09331899523747372 -0.39516036537349075 0.6759711483551452 1.5748562110186868 -0.10928965732302211 0.2956084715646258
4161.639999999999 0.12294504046440125 -1.302769962941305 -0.006438080464498341 -1.5721419493304651 -0.005878273640767873 8.388957940042019e-05 0.6077056527137756 0.3688073456287384 -0.04707403853535652 -0.0020852552261203527 9.58738019107841e-05 0.0 -0.09295483082784661 -0.3957756990285197 0.6755713426333946 1.5752700707664524 -0.10779561989399443 0.3013517131569887
4161.648 0.12780314683914185 -1.2997859160052698 -0.006725613270894826 -1.5722020308123987 -0.005890194569722951 2.3968450477696024e-05 0.6205527782440186 0.35954591631889343 -0.06356433033943176 -0.00894023198634386 9.58738019107841e-05 0.0 -0.09249662616952664 -0.39641035248670353 0.6751722714563021 1.5757008572972397 -0.10602937210801483 0.30716051809438766
4161.656 0.13266125321388245 -1.296767536793844 -0.007120911275045216 -1.5721901098834437 -0.005902115498678029 5.992112710373476e-05 0.6207636594772339 0.37854811549186707 -0.055510930716991425 -0.004625910893082619 9.58738019107841e-05 0.0 -0.09202622550018953 -0.3970486937872755 0.6747709108752759 1.5761348949956737 -0.1043374582607665 0.313042369103231
4161.664 0.13766354322433472 -1.2937482039081019 -0.007492367421285451 -1.5722020308123987 -0.005914036427633107 7.190534961409867e-05 0.6176765561103821 0.3999471366405487 -0.03425091505050659 -0.0029241510201245546 9.58738019107841e-05 0.0 -0.09149864816926419 -0.3977056121400445 0.6743639343413179 1.5765871815449024 -0.10251366662900062 0.31901821893407
4161.672 0.14273735880851746 -1.2905848662005823 -0.007888619099752248 -1.572226349507467 -0.005890194569722951 4.793690095539205e-05 0.6276473999023438 0.40148112177848816 -0.021283984184265137 -0.002157160546630621 9.58738019107841e-05 0.0 -0.09099432513256528 -0.39838168582066935 0.6739365505839829 1.5770436209465353 -0.10066164064289015 0.32513265608910685
4161.679999999999 0.14796660840511322 -1.2874577681170862 -0.008080307637349904 -1.5722501913653772 -0.005878273640767873 1.1984225238848012e-05 0.6382893919944763 0.38073402643203735 -0.023728765547275543 -0.0017257285071536899 9.58738019107841e-05 0.0 -0.09046457168003816 -0.39908333669005325 0.673492457380052 1.5775214603545589 -0.09882004617786513 0.3314812942932791
4161.688 0.1529805064201355 -1.2845471541034144 -0.008332077656881154 -1.5723102728473108 -0.005853954945699513 7.190534961409867e-05 0.6492957472801208 0.36088815331459045 -0.03449060022830963 -0.007334345951676369 9.58738019107841e-05 0.0 -0.08988007789229353 -0.3997499095961403 0.6730828053401995 1.5779817976602408 -0.09696595547501619 0.3375005596446232
4161.696 0.15818578004837036 -1.2815879026996058 -0.00846416154970342 -1.572322193776266 -0.005937878285543263 4.793690095539205e-05 0.6569272875785828 0.359910249710083 -0.03544933721423149 -0.007334345951676369 0.0 0.0 -0.08930373866639747 -0.40045216495301805 0.6726426621665004 1.5784850781853037 -0.09514923825409205 0.34368726123553284
4161.704 0.16343899071216583 -1.278628174458639 -0.008571926747457326 -1.572334114705221 -0.005865875874654591 7.190534961409867e-05 0.6579435467720032 0.38015881180763245 -0.02135588973760605 -0.004026699811220169 0.0 0.0 -0.08866932954286977 -0.4011579003691664 0.6722076207117333 1.5789690823619575 -0.09323138643906889 0.35008997891858046
4161.7119999999995 0.16869257390499115 -1.2755969206439417 -0.008751694356099904 -1.572322193776266 -0.005902115498678029 7.190534961409867e-05 0.6604554653167725 0.394022136926651 -0.013326458632946014 -0.002684466540813446 0.0 0.0 -0.08807438308197028 -0.401875579466653 0.6717545979557652 1.5794782086958712 -0.09139576132200844 0.35640622266020267
4161.72 0.17404165863990784 -1.272409741078512 -0.008967224751607716 -1.572346035634176 -0.005902115498678029 5.992112710373476e-05 0.6743955016136169 0.3901488482952118 -0.02051699347794056 -0.0020133499056100845 0.0 0.0 -0.0874921783536369 -0.4026162401331563 0.6712795016566361 1.5799945492937233 -0.08951387343392914 0.36288106265764913
4161.728 0.17952220141887665 -1.2693188826190394 -0.009099308644429982 -1.572346035634176 -0.005865875874654591 7.190534961409867e-05 0.6795918345451355 0.3814818561077118 -0.027755465358495712 -0.0016058861510828137 0.0 0.0 -0.08681700179824768 -0.40336744310685774 0.6708096358307173 1.5805222695805854 -0.08752743463455752 0.3695134406022534
4161.736 0.1848469376564026 -1.2662881056415003 -0.009242836629049123 -1.5723579565631312 -0.005902115498678029 7.190534961409867e-05 0.6854785084724426 0.3831692337989807 -0.01792840100824833 -0.001342233270406723 0.0 0.0 -0.086181313902469 -0.4041065681573754 0.6703403095170979 1.5810540045864598 -0.08564307482399587 0.3758912258596711
4161.744 0.19049525260925293 -1.2631967703448694 -0.009290997182027638 -1.5723827520953577 -0.005914036427633107 5.992112710373476e-05 0.6883547306060791 0.38815468549728394 -0.009251821786165237 -0.001318264752626419 0.0 0.0 -0.08545808423558768 -0.4048875485509661 0.6698505360409381 1.5816183775946353 -0.08358814302010856 0.38264221262191184
4161.7519999999995 0.19599975645542145 -1.2600696722613733 -0.009302918110982716 -1.5723946730243128 -0.005865875874654591 8.388957940042019e-05 0.687913715839386 0.39839398860931396 -0.003882888937368989 -0.001318264752626419 0.0 0.0 -0.08479972649730291 -0.4056636026927923 0.6693512945147289 1.582164157003963 -0.08169537681077702 0.3894213537549218
4161.76 0.20145632326602936 -1.2569425741778772 -0.009314839039937794 -1.5723827520953577 -0.005914036427633107 5.992112710373476e-05 0.6953151822090149 0.39678332209587097 -0.003882888937368989 -0.001318264752626419 0.0 0.0 -0.08417944706978969 -0.40644568885395516 0.6688387232213984 1.5827310560839687 -0.07989444917694091 0.3960669795856488
4161.768 0.20708028972148895 -1.253779713307516 -0.00933868089784795 -1.5723946730243128 -0.005902115498678029 3.5952674807049334e-05 0.7017195224761963 0.3908391296863556 -0.003499393817037344 -0.001318264752626419 0.0 0.0 -0.0834811539146415 -0.4072462137185394 0.6683217236938569 1.5833071208315908 -0.07791458880078513 0.4028892981518884
4161.776 0.2127409726381302 -1.2506888548480433 -0.009302918110982716 -1.5724065939532679 -0.005878273640767873 5.992112710373476e-05 0.7028892040252686 0.3943289518356323 -0.0024447820615023375 -0.001318264752626419 0.0 0.0 -0.08273710931540863 -0.4080495813884154 0.6678071530460093 1.583890915910147 -0.0759238560320839 0.4097760872409195
4161.784 0.21829304099082947 -1.2475255171405237 -0.009302918110982716 -1.572418514882223 -0.005974117909566701 7.190534961409867e-05 0.7073185443878174 0.39898842573165894 -0.0004793690168298781 -0.001318264752626419 0.0 0.0 -0.08208593487337143 -0.408860812195455 0.667268834859226 1.584496872813919 -0.07412928906108579 0.4165014009825082
4161.7919999999995 0.22401288151741028 -1.2442544142352503 -0.00927907625307256 -1.5724547545062464 -0.005925957356588185 5.992112710373476e-05 0.7110959887504578 0.4073677957057953 -0.0004793690168298781 -0.0011504855938255787 0.0 0.0 -0.08138069118218527 -0.40969583716508995 0.6667173333798843 1.5850953782416373 -0.07215732309080539 0.4235348578403928
4161.8 0.22957730293273926 -1.240899387990133 -0.00927907625307256 -1.5724785963641565 -0.005962196980611623 7.190534961409867e-05 0.7132435441017151 0.40763622522354126 -0.0 -0.0011504855938255787 0.0 0.0 -0.08078800806293793 -0.41053661113918793 0.6661407285457454 1.5857066693684942 -0.07044848471557844 0.4304540379722443
4161.808 0.23527318239212036 -1.2376535574542444 -0.009290997182027638 -1.5725143591510218 -0.005974117909566701 8.388957940042019e-05 0.7234445214271545 0.40171122550964355 -0.0 -0.0011504855938255787 0.0 0.0 -0.08006767129999998 -0.41137799389022234 0.6655808059928894 1.5863285165493584 -0.06851039768364228 0.4373895999543729
4161.816 0.24122072756290436 -1.234382454548971 -0.009218994771138966 -1.5724666754352015 -0.005937878285543263 4.793690095539205e-05 0.7180372476577759 0.41323524713516235 -0.0 -0.0011504855938255787 0.0 0.0 -0.07926494066274378 -0.4122515551717001 0.6650047120953748 1.5869744733541713 -0.06645043099307507 0.4446707948579453
4161.824 0.24684470891952515 -1.2311118284808558 -0.009242836629049123 -1.5725143591510218 -0.005974117909566701 4.793690095539205e-05 0.7180372476577759 0.4274054169654846 -0.0 -0.0021092237439006567 0.0 0.0 -0.07857050007729285 -0.41310005302242253 0.6644289157419625 1.587607919058232 -0.0645768276393892 0.45151913799042975
4161.831999999999 0.252672404050827 -1.22770864168276 -0.00927907625307256 -1.5725744406329554 -0.006046120320455373 4.793690095539205e-05 0.718765914440155 0.4250085651874542 -0.0 -0.0021092237439006567 -0.0004793690168298781 0.0 -0.07785299800682852 -0.4139872386166731 0.6638223939375579 1.5882791381494041 -0.06265396032329688 0.4585801716162847
4161.84 0.25841623544692993 -1.2242940107928675 -0.009267155324117482 -1.5726226011859339 -0.00599843660463506 2.3968450477696024e-05 0.7165224552154541 0.42146122455596924 -0.0 -0.004026699811220169 -0.003930825740098953 0.0 -0.07715081551005679 -0.41487054846265 0.6632133221773238 1.5889227179728436 -0.060743048391492534 0.46570597508889705
4161.848 0.26410049200057983 -1.2209871451007288 -0.009230915700094044 -1.5726950804339808 -0.006058041249410451 7.190534961409867e-05 0.7178071737289429 0.4139639139175415 -0.0 -0.010186591185629368 -0.003930825740098953 0.0 -0.07644162484700306 -0.4157483952473342 0.662606710742347 1.589592308576536 -0.05893114961525824 0.4726706772266821
4161.856 0.269904226064682 -1.2175968329059046 -0.009230915700094044 -1.572730843220846 -0.006106201802388966 7.190534961409867e-05 0.7151610255241394 0.41937118768692017 -0.0 -0.0103783393278718 -0.001294296351261437 0.0 -0.07570441463071624 -0.4166486810927107 0.6619826269899981 1.590279152551695 -0.05704334616432422 0.4797636430233258
4161.864 0.27558812499046326 -1.214170281087057 -0.009183231984273732 -1.5728028456317347 -0.006070439015523732 5.992112710373476e-05 0.7110959887504578 0.4308185279369354 -0.0 -0.00711862975731492 -0.001294296351261437 0.0 -0.07501465024395229 -0.4175469461452224 0.6613497632487827 1.590942275719768 -0.055214151923315885 0.48685581775738884
4161.871999999999 0.2812480330467224 -1.2107437292682093 -0.009255234395162404 -1.5728510061847132 -0.006130043660299123 7.190534961409867e-05 0.7142022848129272 0.4304158389568329 -0.0 -0.006831008475273848 -0.001294296351261437 0.0 -0.07431785825822082 -0.4184462271714244 0.6607137638296264 1.591631032231568 -0.053417884033993376 0.49379572481609224
4161.88 0.2870757579803467 -1.207269016896383 -0.009207073842183888 -1.5730193297015589 -0.006141964589254201 7.190534961409867e-05 0.7173661589622498 0.4210393726825714 -0.0 -0.015723302960395813 -0.002612561220303178 0.0 -0.0735757348005056 -0.4193731108112848 0.6600583785944878 1.5923321478461194 -0.05147991436930356 0.5009303452503956
4161.888 0.2926881015300751 -1.2039502302752894 -0.00919515291322881 -1.5731390158282679 -0.006262127553121388 4.793690095539205e-05 0.7161197662353516 0.42222821712493896 -0.0 -0.02394448220729828 -0.002612561220303178 0.0 -0.07285798049619298 -0.4202724248106764 0.6594187681403798 1.5930406295129755 -0.049659585032167004 0.507679193563134
4161.896 0.2983720004558563 -1.2006190458880823 -0.009207073842183888 -1.5733197371112269 -0.006346050892965138 5.992112710373476e-05 0.7180372476577759 0.42784643173217773 -0.0 -0.01859951764345169 -0.018311897292733192 0.0 -0.07208652432293838 -0.4211771193470384 0.6587788933952118 1.5937513855686216 -0.047724513557432194 0.5144820758317649
4161.9039999999995 0.30424764752388 -1.1971214453326624 -0.009183231984273732 -1.5734756628619593 -0.006525818501607716 4.793690095539205e-05 0.714432418346405 0.4390828311443329 -0.0 -0.01876729726791382 -0.02262621745467186 0.0 -0.0713388516344392 -0.42213570630690894 0.658087288237894 1.5945232897283308 -0.045869813355027746 0.5215136581172473
4161.912 0.3098600208759308 -1.1936705748187464 -0.009230915700094044 -1.57365590730776 -0.006717983876363576 8.388957940042019e-05 0.7178071737289429 0.43651342391967773 -0.0 -0.022722091525793076 -0.01919872872531414 0.0 -0.07065110858383725 -0.4230676666716239 0.6574057054982413 1.5952763094869615 -0.04415660169504136 0.5282549108536668
4161.92 0.3156996965408325 -1.1901958624469202 -0.009207073842183888 -1.573859993611471 -0.006922070180074513 9.58738019107841e-05 0.721469521522522 0.4238005578517914 -0.0 -0.02605370618402958 -0.03281280770897865 0.0 -0.06988781179314425 -0.4240306452571644 0.6567050823996036 1.5960650572275727 -0.04230768077295539 0.5351981276944798
4161.928 0.3214315176010132 -1.1867812315570276 -0.009207073842183888 -1.574052635823385 -0.007161442433492482 8.388957940042019e-05 0.7180372476577759 0.4250085651874542 -0.0 -0.02600576914846897 -0.029145635664463043 0.0 -0.06913334033717976 -0.42498225867277223 0.6560088933479012 1.5968560950819284 -0.0404920827018434 0.541952256713487
4161.936 0.3270914554595947 -1.1833904425250452 -0.009183231984273732 -1.574256722127096 -0.007485691701070607 8.388957940042019e-05 0.7204724550247192 0.42312943935394287 -0.0 -0.025670209899544716 -0.04683435335755348 0.0 -0.06841267021777922 -0.4259382300986909 0.6553007191965966 1.5976721128489637 -0.03879585149523043 0.5485810892371424
4161.9439999999995 0.3329794406890869 -1.1799162069903772 -0.009207073842183888 -1.5744250456439417 -0.00790578523744756 8.388957940042019e-05 0.718765914440155 0.4234170615673065 -0.0 -0.025286715477705002 -0.0523470975458622 0.0 -0.0676361505327019 -0.4269322964431544 0.6545639533585359 1.5985501702187206 -0.03704473956479367 0.5553635720174924
4161.952 0.3387352526187897 -1.1764772574054163 -0.00919515291322881 -1.5747011343585413 -0.00832540193666631 5.992112710373476e-05 0.7182289958000183 0.4188534617424011 -0.0 -0.025358621031045914 -0.05035771429538727 0.0 -0.06688883341847626 -0.4279167313451756 0.6538274516846166 1.5994162233585902 -0.03529122326269714 0.5619394011072857
4161.96 0.34439516067504883 -1.1731227079974573 -0.00919515291322881 -1.574869457875387 -0.008781258259908498 1.1984225238848012e-05 0.7173277735710144 0.4137338101863861 -0.0 -0.022889871150255203 -0.05615808069705963 0.0 -0.06614454196185918 -0.42888993564578265 0.6530959654569711 1.6002923812437808 -0.03362862261971248 0.5683997388605639
4161.968 0.3501989245414734 -1.1698277632342737 -0.009099308644429982 -1.5749896208392542 -0.009200874959127248 8.388957940042019e-05 0.714374840259552 0.4199847877025604 0.0003115898580290377 -0.014381070621311665 -0.060208749026060104 0.0 -0.06531881111028781 -0.42987403683004666 0.6523616387763701 1.601195171480874 -0.03198501222281387 0.5751565114644726
4161.976 0.35585883259773254 -1.1664965788470667 -0.00911122957338506 -1.5750616232501429 -0.009728733693258107 7.190534961409867e-05 0.7134736776351929 0.42408818006515503 0.0003115898580290377 -0.009946906939148903 -0.06181463599205017 0.0 -0.06456144582048913 -0.4308592402091558 0.6516131870663322 1.6021184531547905 -0.030448602514245023 0.5816292957217216
4161.9839999999995 0.3616030216217041 -1.1631539503680628 -0.009123150502340138 -1.5751093069659632 -0.010244671498433888 8.388957940042019e-05 0.7204724550247192 0.4149801731109619 0.0003115898580290377 -0.007526093628257513 -0.0752130001783371 0.0 -0.06376043567068938 -0.4318556447402194 0.6508563398941974 1.6030607622811617 -0.028881067029941372 0.5882204580247613
4161.992 0.3675026297569275 -1.159835163746969 -0.009099308644429982 -1.5751455465899866 -0.010832611714498341 7.190534961409867e-05 0.7212010622024536 0.4059104919433594 0.0003115898580290377 -0.0047457534819841385 -0.07770571857690811 0.0 -0.0628958426467058 -0.4328717424078501 0.6500860928769228 1.604050399284238 -0.027239212863637258 0.594871036401587
4162.0 0.37305471301078796 -1.1566961447345179 -0.009146992360250294 -1.5751822630511683 -0.011468235646383107 7.190534961409867e-05 0.7231569290161133 0.39795297384262085 0.0003115898580290377 -0.0047457534819841385 -0.0794314444065094 0.0 -0.06207918810031722 -0.433834412085994 0.649351723949786 1.6050127852083451 -0.025715749888836965 0.6010255802377845
4162.008 0.3789067566394806 -1.1535213629352015 -0.009075466786519826 -1.5752061049090784 -0.01216441789735967 9.58738019107841e-05 0.7224282622337341 0.3994677662849426 0.0003115898580290377 -0.004026699811220169 -0.09719207137823105 0.0 -0.06118258639561214 -0.43484324472344615 0.6485826036093256 1.60604841000529 -0.024147383035109184 0.6075094337766724
4162.016 0.3846745193004608 -1.1502984205829065 -0.009099308644429982 -1.575254265462057 -0.012907807026998341 4.793690095539205e-05 0.716829240322113 0.40364786982536316 0.0003115898580290377 -0.003403519978746772 -0.09381251782178879 0.0 -0.06031772595096732 -0.4358528777934738 0.6478041283567937 1.6070898332949148 -0.022563084280848827 0.6137759047498254
4162.023999999999 0.3904542922973633 -1.147015396748678 -0.009123150502340138 -1.575278107319967 -0.01373607317079717 5.992112710373476e-05 0.7180180549621582 0.39248818159103394 0.0003115898580290377 -0.003403519978746772 -0.11277156323194504 0.0 -0.05948412699900235 -0.436886366705301 0.6469961063902472 1.608181658118678 -0.021144246578810293 0.6200919261120962
4162.032 0.396330326795578 -1.1438520590411585 -0.00911122957338506 -1.575254265462057 -0.014622990285054982 4.793690095539205e-05 0.7161197662353516 0.3849141299724579 0.0003115898580290377 -0.0037630468141287565 -0.11219631880521774 0.0 -0.05856683821118444 -0.437916948924193 0.6461956140173692 1.609308871573399 -0.0196389714579148 0.62638527729888
4162.04 0.4018348157405853 -1.1407607237445276 -0.009087387715474904 -1.575266186391012 -0.015523258839742482 7.190534961409867e-05 0.7101564407348633 0.3855660855770111 0.0003115898580290377 -0.0037630468141287565 -0.12255068868398666 0.0 -0.05777076582069689 -0.4389166063735845 0.6454033609419436 1.610410005760774 -0.018390257715800922 0.6323310419012461
4162.048 0.40755465626716614 -1.1376937071429651 -0.00902730623354131 -1.575254265462057 -0.01663858095277959 7.190534961409867e-05 0.7078362703323364 0.3900146186351776 0.0003115898580290377 -0.0032357408199459314 -0.1558428704738617 0.0 -0.056916593375018865 -0.4399520314046417 0.644581442672841 1.6116147849548939 -0.017132021586277007 0.6382757351538089
4162.056 0.4132389426231384 -1.134566609059469 -0.009039227162496388 -1.5752299467669886 -0.01788646379579717 5.992112710373476e-05 0.7012593150138855 0.3910500705242157 0.0003115898580290377 -0.0023009711876511574 -0.16037289798259735 0.0 -0.05610562952471597 -0.4410055847148317 0.6437333545246107 1.6128709150556708 -0.015986139815355557 0.6440733848199188
4162.063999999999 0.4187438189983368 -1.1315234343158167 -0.009051148091451466 -1.5752418676959437 -0.01909810701479131 7.190534961409867e-05 0.7005690336227417 0.3800821006298065 0.0003115898580290377 -0.001797633827663958 -0.15078552067279816 0.0 -0.05531281892309614 -0.4420311612226884 0.6429033387014168 1.614101263052814 -0.014876315491343925 0.6496835489598354
4162.072 0.4242722690105438 -1.1285041014300745 -0.009087387715474904 -1.5752299467669886 -0.02032167116274053 5.992112710373476e-05 0.7003389596939087 0.36372601985931396 0.0003115898580290377 -0.0014620755100622773 -0.1498986929655075 0.0 -0.0544851160901479 -0.4430554463045197 0.6420733830111472 1.6153463393055372 -0.013712677111485196 0.6552611504477335
4162.08 0.4298730492591858 -1.1255925337420862 -0.00894338289369756 -1.5752299467669886 -0.02143747011293584 8.388957940042019e-05 0.6921513080596924 0.36522164940834045 0.0005512743955478072 -0.0012223910307511687 -0.13992781937122345 0.0 -0.05358414008658953 -0.4440738053789967 0.6412515693019736 1.6165855753246676 -0.012484427877971816 0.6610522489186906
4162.088 0.43534159660339355 -1.1226447264300745 -0.008907620106832326 -1.5752180258380335 -0.02255279222597295 5.992112710373476e-05 0.6874535083770752 0.37103161215782166 0.0005512743955478072 -0.0010785802733153105 -0.13573333621025085 0.0 -0.05272033716253047 -0.44508290898596126 0.6404289459567113 1.617813112438761 -0.011271161184510773 0.6666546300109703
4162.096 0.4408824145793915 -1.1196253935443323 -0.008919541035787404 -1.5751941839801233 -0.023548428212301076 8.388957940042019e-05 0.6881245970726013 0.3781837821006775 0.0005512743955478072 -0.0009347695740871131 -0.1288543939590454 0.0 -0.05180663341861404 -0.4460958741423955 0.6396028845915798 1.6190277173782859 -0.009975218255875674 0.6724700823274748
4162.103999999999 0.4463869333267212 -1.1165226141559046 -0.008955303822652638 -1.5751822630511683 -0.024520222340719044 7.190534961409867e-05 0.686571478843689 0.3791617155075073 0.0005512743955478072 -0.0008388957940042019 -0.1119326651096344 0.0 -0.05092189892276801 -0.44712100511985287 0.638757403949365 1.620244119920459 -0.008696177370084993 0.6782821908142254
4162.112 0.45179593563079834 -1.1135266462909144 -0.008907620106832326 -1.5752180258380335 -0.02534801164735967 7.190534961409867e-05 0.6928224563598633 0.36692821979522705 0.0005512743955478072 -0.0007669904152862728 -0.09335711598396301 0.0 -0.05000593353635019 -0.44811454583015625 0.6379390001800287 1.6214064927857395 -0.007337868009112617 0.6840883528869216
4162.12 0.457420289516449 -1.110591236745016 -0.008895699177877248 -1.5751703421222132 -0.026091877614156544 5.992112710373476e-05 0.6872425675392151 0.3698619604110718 0.0005512743955478072 -0.0006950850947760046 -0.08381767570972443 0.0 -0.04893371473755789 -0.4490973613700675 0.6371406272359732 1.6225701624460884 -0.005719739976675178 0.6901054157617967
4162.128 0.46287721395492554 -1.1076682249652308 -0.008859936391012013 -1.5751941839801233 -0.026607815419332326 5.992112710373476e-05 0.6793425679206848 0.3842046856880188 0.0014381069922819734 -0.0006471481756307185 -0.053833141922950745 0.0 -0.04787067504425553 -0.4500471774955497 0.6363665035797395 1.6236414166963253 -0.004029527781670008 0.6961382720538783
4162.1359999999995 0.46829819679260254 -1.10460073152651 -0.008787933980123341 -1.5751703421222132 -0.026967350636617482 7.190534961409867e-05 0.679994523525238 0.38942021131515503 0.008197209797799587 -0.0005992112564854324 -0.032764870673418045 0.0 -0.046852616424361684 -0.45101708813178365 0.6355633730775699 1.6246914752718422 -0.00244520009132382 0.7024524546043202
4162.144 0.4737551510334015 -1.101496998463766 -0.008871380482808888 -1.5752061049090784 -0.027075115834371388 3.5952674807049334e-05 0.6819503307342529 0.38815468549728394 0.004625910893082619 -0.0005512743955478072 -0.012942963279783726 0.0 -0.045727276870675945 -0.4519501014784221 0.634799977666551 1.6256373941684938 -0.0004641175192943849 0.7088212389563803
4162.152 0.47917652130126953 -1.0984423796283167 -0.008824173604146779 -1.5752061049090784 -0.027087036763326466 4.793690095539205e-05 0.6856894493103027 0.38506752252578735 0.0029241510201245546 -0.0005033374764025211 -0.00635163951665163 0.0 -0.04459820400600749 -0.4528777359371099 0.6340358286038245 1.626571952987341 0.001426782119669331 0.7153650964192534
4162.16 0.48468101024627686 -1.0953391234027308 -0.008787933980123341 -1.5751703421222132 -0.02706319490541631 7.190534961409867e-05 0.6903489232063293 0.3796602487564087 0.002157160546630621 -0.0004793690168298781 -0.0049614692106842995 0.0 -0.04343332432647504 -0.45381583971502115 0.6332591659084329 1.6275192212917264 0.0033445936358614966 0.7220646784211284
4162.168 0.4902458190917969 -1.0921996275531214 -0.008739773427144826 -1.5751703421222132 -0.027087036763326466 0.000107858024421148 0.683273434638977 0.393197625875473 -0.0 -0.00045540055725723505 -0.003067961661145091 0.0 -0.04225592902506098 -0.45476983124527415 0.6324628885818867 1.6284993286699885 0.005259778581247774 0.7287874788881172
4162.1759999999995 0.4955829083919525 -1.0890486876117151 -0.008739773427144826 -1.5751703421222132 -0.027087036763326466 5.992112710373476e-05 0.6761212348937988 0.40397384762763977 -0.0 -0.00043143212678842247 0.0 0.0 -0.04115939605547328 -0.45570811017736035 0.6316685654028606 1.6294404918651393 0.007106809680172307 0.7352597916169101
4162.184 0.500991940498352 -1.0857656637774866 -0.008751694356099904 -1.5752061049090784 -0.027098957692281544 7.190534961409867e-05 0.6755267977714539 0.40102094411849976 -0.0 -0.0004074636672157794 0.0 0.0 -0.040071992236900555 -0.45667819974479296 0.6308377317690483 1.6304172536838923 0.008889272281780703 0.7418853188788977
4162.192 0.5064372420310974 -1.0825308004962366 -0.00871593156923467 -1.5751941839801233 -0.027051273976461232 5.992112710373476e-05 0.6732066869735718 0.39486584067344666 -0.0 -0.0003834952076431364 0.0 0.0 -0.038937402407095145 -0.45763993740857833 0.6300124313096606 1.6313866472287206 0.010728060819332724 0.7486022960744348
4162.2 0.5116784572601318 -1.0793793837176722 -0.008727852498189748 -1.5751455465899866 -0.02706319490541631 5.992112710373476e-05 0.671634316444397 0.39785709977149963 -0.0 -0.00035952674807049334 0.0 0.0 -0.037854052534079446 -0.4585761529609731 0.6292014226213339 1.632353116548568 0.01242626940988177 0.7550482287483742
4162.208 0.5170279145240784 -1.0761922041522425 -0.008655850087301076 -1.5751574675189417 -0.027087036763326466 1.1984225238848012e-05 0.6691032648086548 0.4086141288280487 -0.0 -0.00035952674807049334 0.0 0.0 -0.03674246926743255 -0.4595347629202424 0.6283655451191346 1.6333444548407652 0.01419812646475463 0.7615730538670419
4162.215999999999 0.5224848985671997 -1.0728495756732386 -0.00863200822939092 -1.5751455465899866 -0.027087036763326466 4.793690095539205e-05 0.6628714799880981 0.4258330762386322 0.0013662016717717052 -0.00033555831760168076 0.0 0.0 -0.03561955046538591 -0.4605257736662852 0.6274930650254388 1.6343727983570258 0.015902921595788932 0.7683611363827101
4162.224 0.5277268290519714 -1.0694945494281214 -0.008655850087301076 -1.5751703421222132 -0.027087036763326466 7.190534961409867e-05 0.6688923239707947 0.422745943069458 0.0013662016717717052 -0.0003115898580290377 0.0 0.0 -0.03457572078707333 -0.46150460401648136 0.6266206581627722 1.6353747871779365 0.017501793821983854 0.7749173546528197
4162.232 0.5331602096557617 -1.0661876837359827 -0.00863200822939092 -1.5751941839801233 -0.027075115834371388 2.3968450477696024e-05 0.6743955016136169 0.4101097583770752 0.0027324033435434103 -0.0003115898580290377 0.0 0.0 -0.033420069294744045 -0.46248344629153804 0.6257501107587737 1.6363907248271907 0.019326719226372347 0.7815720238091092
4162.24 0.5385928153991699 -1.062880818043844 -0.008595768605367482 -1.5751703421222132 -0.027075115834371388 4.793690095539205e-05 0.6691032648086548 0.41081923246383667 0.0027324033435434103 -0.00028762139845639467 0.0 0.0 -0.0322607595044761 -0.4634666450777467 0.6248687755922988 1.6374362712763642 0.021037884652326092 0.7883140908368511
4162.248 0.5437988042831421 -1.0596097151385706 -0.008560005818502248 -1.5751703421222132 -0.027098957692281544 4.793690095539205e-05 0.669237494468689 0.42040660977363586 0.0027324033435434103 -0.00028762139845639467 0.0 0.0 -0.031183329692636402 -0.4644354039916475 0.6239898691392892 1.6384634740938626 0.022616822958692998 0.794796203149834
4162.255999999999 0.5492197871208191 -1.056195084248678 -0.008643929158345998 -1.5751703421222132 -0.027098957692281544 7.190534961409867e-05 0.6711549758911133 0.4312019944190979 0.002181129064410925 -0.0002636529679875821 0.0 0.0 -0.03002068686385155 -0.465426645544195 0.6230882984818463 1.6395171316383867 0.02435230882959608 0.8014950788034708
4162.264 0.5546771287918091 -1.0526965300189417 -0.008583847676412404 -1.5751574675189417 -0.027075115834371388 8.388957940042019e-05 0.6674350500106812 0.43344545364379883 0.0017257285071536899 -0.0002636529679875821 0.0 0.0 -0.028889534638101094 -0.46645645001625335 0.6221394914637803 1.6406076525668938 0.025952198993216928 0.8084129999703047
4162.272 0.5598951578140259 -1.0492575804339808 -0.00860768953432256 -1.5751703421222132 -0.027075115834371388 8.388957940042019e-05 0.6743955016136169 0.42625492811203003 0.0014141385909169912 -0.0002636529679875821 0.0 0.0 -0.02781838926192548 -0.46745479832680015 0.621211890235111 1.6416634532736243 0.0274875167103578 0.8149870124810528
4162.28 0.5652921795845032 -1.0458067099200647 -0.00852376619447881 -1.5751217047320765 -0.027147595082418263 7.190534961409867e-05 0.6769840717315674 0.42715612053871155 0.0003115898580290377 -0.00023968450841493905 0.0 0.0 -0.026697230018375484 -0.46848674447382005 0.6202465755853928 1.6428020779300754 0.028985092758032852 0.8217636930345293
4162.288 0.57061767578125 -1.0423205534564417 -0.008511845265523732 -1.5751574675189417 -0.027123276387349904 5.992112710373476e-05 0.6678568720817566 0.4401758015155792 0.0003115898580290377 -0.00023968450841493905 0.0 0.0 -0.025570491538623494 -0.46950033335172675 0.6192936545976659 1.643882866164317 0.030591921441087123 0.8284695738150722
4162.295999999999 0.5759191513061523 -1.0388453642474573 -0.00852376619447881 -1.5751336256610315 -0.027147595082418263 4.793690095539205e-05 0.6709057092666626 0.44263017177581787 0.0003115898580290377 -0.00023968450841493905 0.0 0.0 -0.02444598814408254 -0.4705149332620773 0.6183324160371669 1.6449931703337295 0.03212735546338613 0.8351325819380973
4162.304 0.5814244151115417 -1.0352867285357874 -0.008511845265523732 -1.5751822630511683 -0.027098957692281544 7.190534961409867e-05 0.6679144501686096 0.43845006823539734 0.0003115898580290377 -0.00021571606339421123 0.0 0.0 -0.02323137080650968 -0.47154653037123073 0.6173519239520111 1.6461130776767934 0.03382649716687617 0.8420610734504392
4162.312 0.5867615342140198 -1.0318358580218714 -0.008511845265523732 -1.5751574675189417 -0.027111355458394826 7.190534961409867e-05 0.6610115170478821 0.43820080161094666 0.0019654128700494766 -0.00021571606339421123 0.0 0.0 -0.022054726274265274 -0.47255442014858556 0.6163858006874843 1.6472384743281736 0.0354042293551676 0.8487543381506027
4162.32 0.5919679403305054 -1.0283730665790003 -0.008476082478658498 -1.5751336256610315 -0.027183357869283498 8.388957940042019e-05 0.6630632281303406 0.4366668164730072 0.0019654128700494766 -0.00021571606339421123 -0.00021571606339421123 0.0 -0.020950766654522945 -0.473574142717902 0.6153970885389929 1.6483927450269464 0.036787343231552264 0.8553401947762691
4162.3279999999995 0.5972574353218079 -1.0247910658465784 -0.008476082478658498 -1.5751574675189417 -0.027183357869283498 4.793690095539205e-05 0.6645780205726624 0.44080856442451477 -0.0 -0.00021571606339421123 -0.00021571606339421123 0.0 -0.019815822402370065 -0.47460976285189227 0.6143867224535051 1.6495324692624476 0.03830175630022084 0.8620358419023085
4162.336 0.6025709509849548 -1.0212557951556605 -0.00846416154970342 -1.5751336256610315 -0.027231518422262013 7.190534961409867e-05 0.658557116985321 0.43845006823539734 -0.0 -0.0001917476038215682 -0.00021571606339421123 0.0 -0.018652798982412108 -0.47564248150210975 0.6133728507865643 1.6507149702642416 0.03974570940266315 0.8687614624089153
4162.344 0.6077530384063721 -1.017745319996969 -0.008476082478658498 -1.5751217047320765 -0.027219597493306935 5.992112710373476e-05 0.6588255763053894 0.4374529719352722 -0.0 -0.0001917476038215682 -0.00021571606339421123 0.0 -0.017512459871071917 -0.47665374831498214 0.6123729220276811 1.651850628072209 0.04120352822671904 0.8753601690661208
4162.352 0.613066554069519 -1.014282528554098 -0.008404080067769826 -1.5751574675189417 -0.027315441762105763 3.5952674807049334e-05 0.6505420804023743 0.44048258662223816 -0.0 -0.0001917476038215682 -0.002253034384921193 0.0 -0.01631368147465445 -0.47767755813045865 0.6113550133126476 1.653051660744819 0.042717844219659615 0.8819477222394962
4162.36 0.6182246208190918 -1.0107839743243616 -0.008368317280904591 -1.5751455465899866 -0.027375046406881154 5.992112710373476e-05 0.6407054662704468 0.44878527522087097 -0.0 -0.0001917476038215682 -0.01541171409189701 0.0 -0.015177694982845866 -0.4786990671868242 0.6103294825679015 1.6542443473841342 0.04405301046102415 0.8885159666077808
4162.3679999999995 0.6232872009277344 -1.0072367827044886 -0.00846416154970342 -1.5751336256610315 -0.027567211781637013 5.992112710373476e-05 0.6462661027908325 0.43933209776878357 0.0033555831760168076 -0.00016777915880084038 -0.016082830727100372 0.0 -0.014090948013371546 -0.47972882022803254 0.6092867207758593 1.6554753053474909 0.045307418264387375 0.8948166887796611
4162.376 0.6285048127174377 -1.0037625471698206 -0.008440319691793263 -1.5751455465899866 -0.02769929567445928 7.190534961409867e-05 0.652133584022522 0.42794230580329895 0.0033555831760168076 -0.00016777915880084038 -0.02677275985479355 0.0 -0.012901079515222458 -0.4807489536969615 0.6082496113281826 1.6567118600108377 0.046706552764287985 0.9013073847940022
4162.384 0.6336992383003235 -1.000263516102926 -0.008368317280904591 -1.5751217047320765 -0.028046909962789357 5.992112710373476e-05 0.6455950140953064 0.42985978722572327 0.0027563718613237143 -0.00016777915880084038 -0.03643204644322395 0.0 -0.011770172082665259 -0.4818106649525944 0.6071589992880105 1.6580670835085032 0.047873606068473525 0.9076614207155065
4162.392 0.6387734413146973 -0.9967291990863245 -0.008392159138814748 -1.5751455465899866 -0.028371159230367482 2.3968450477696024e-05 0.6429105401039124 0.4377214312553406 0.0020373184233903885 -0.00016777915880084038 -0.05433647707104683 0.0 -0.010670249723488345 -0.4828600883114915 0.6060733056873809 1.659385405982684 0.049067534797457346 0.9138395167078808
4162.4 0.6439674496650696 -0.9931944052325647 -0.008392159138814748 -1.5751093069659632 -0.02888662019838506 2.3968450477696024e-05 0.6356816291809082 0.4418056607246399 0.0016298546688631177 -0.00016777915880084038 -0.07087470591068268 0.0 -0.009542345811439396 -0.4839407918064308 0.6049467059219559 1.660834983017906 0.050136620137595976 0.9200353961161047
4162.407999999999 0.6490180492401123 -0.9896357695208948 -0.008404080067769826 -1.5751703421222132 -0.029462639485494435 1.1984225238848012e-05 0.6253464818000793 0.4345192313194275 0.001342233270406723 -0.00016777915880084038 -0.07919175922870636 0.0 -0.008481873714999436 -0.4850276317887374 0.6038047793578969 1.6622896335795034 0.05112819284185354 0.925994075705706
4162.416 0.6539368629455566 -0.986220661793844 -0.008392159138814748 -1.5751455465899866 -0.030146423970357716 3.5952674807049334e-05 0.6253464818000793 0.42169132828712463 0.0011504855938255787 -0.00014381069922819734 -0.0848483145236969 0.0 -0.0074488976373555255 -0.48609447010666396 0.6026753106917516 1.6637906293969156 0.05193908708745387 0.9317602413847375
4162.424 0.6589754819869995 -0.9829252401935022 -0.008404080067769826 -1.5751822630511683 -0.03089028993715459 3.5952674807049334e-05 0.6199391484260559 0.419236958026886 0.0010066749528050423 -0.00014381069922819734 -0.10972756892442703 0.0 -0.006304518473934165 -0.487129818726914 0.6015743011038213 1.6653018313562749 0.05300100012514222 0.9373885333588742
4162.432 0.6638346910476685 -0.9795830885516565 -0.008368317280904591 -1.5751941839801233 -0.031898323689596 5.992112710373476e-05 0.6064401268959045 0.4267726540565491 -0.0 -0.00014381069922819734 -0.1323298215866089 0.0 -0.005309342753997831 -0.48821888205965014 0.600404813812652 1.6669535512909193 0.0536224749690815 0.9427637168629899
4162.44 0.6685737371444702 -0.976203743611471 -0.008416000996724904 -1.5751574675189417 -0.0330732504474085 1.1984225238848012e-05 0.6030653715133667 0.4260823428630829 -0.0 -0.00014381069922819734 -0.16317720711231232 0.0 -0.00438898861617619 -0.48932818684137486 0.5992043284261068 1.668670953951929 0.05409389766434284 0.9478508818980305
4162.447999999999 0.673421323299408 -0.9728367964373987 -0.008404080067769826 -1.5751703421222132 -0.03452474275697881 3.5952674807049334e-05 0.5962391495704651 0.4161498248577118 -0.0 -0.00014381069922819734 -0.19879433512687683 0.0 -0.003455777711573224 -0.490477548485267 0.5979521966154279 1.6705555923284234 0.05441894130458779 0.9528341520900016
4162.456 0.6782562136650085 -0.9695656935321253 -0.008440319691793263 -1.5751941839801233 -0.03627616563905889 0.0 0.5849260687828064 0.4057379364967346 -0.0 -0.00014381069922819734 -0.23810258507728577 0.0 -0.002525140902333467 -0.49163140568906755 0.5966867571183582 1.672554371778023 0.05471554405917516 0.9573875248763903
4162.464 0.6828877329826355 -0.9662941137896937 -0.008452240620748341 -1.5751822630511683 -0.038387600575582326 3.5952674807049334e-05 0.5789243578910828 0.40219059586524963 -0.0 -0.00014381069922819734 -0.2761405110359192 0.0 -0.001751049427669682 -0.49283727235597297 0.5953537210193508 1.6747402432471274 0.05449912955716808 0.9615781132974435
4162.472 0.6874960660934448 -0.9630954901324671 -0.008452240620748341 -1.5751703421222132 -0.04078704515566045 2.3968450477696024e-05 0.5773903727531433 0.4005415737628937 -0.0 -0.00014381069922819734 -0.3172703683376312 0.0 -0.001002346811445981 -0.4940621209825703 0.593990311192274 1.6770570821941218 0.05416942848235342 0.965419212831254
4162.48 0.6921036243438721 -0.9597762266742151 -0.00846416154970342 -1.5752180258380335 -0.04352170625795537 1.1984225238848012e-05 0.5701615214347839 0.4005415737628937 -0.0 0.0 -0.3640088737010956 0.0 -0.0003347409774694804 -0.49536035521810756 0.5925356220464434 1.6795614493204405 0.05358512553411716 0.969005580091374
4162.487999999999 0.6965917348861694 -0.9565408865558069 -0.008404080067769826 -1.5752180258380335 -0.0465925375567835 2.3968450477696024e-05 0.562836766242981 0.4033986032009125 -0.0 0.0 -0.40878191590309143 0.0 0.00024237071681919298 -0.4966918662258918 0.5910320977715455 1.6822442165749256 0.052638310366902336 0.9722543609549615
4162.496 0.7010438442230225 -0.9534257094012659 -0.008427921925679982 -1.5752180258380335 -0.050083462391988576 -1.1746083394825746e-05 0.5586758255958557 0.39726269245147705 -0.0 0.0 -0.4586363136768341 0.0 0.000798130572391656 -0.49803133179486403 0.5895089447572907 1.6850934078233102 0.05160025079707578 0.9749216440325016
4162.504 0.7054843902587891 -0.9502385298358362 -0.00838023820985967 -1.5751703421222132 -0.05395824113954717 -2.366701234990387e-05 0.5457903742790222 0.40205636620521545 -0.0 0.0 -0.5147464275360107 0.0 0.0012563094473139746 -0.49945349371630365 0.5878788270646753 1.6881924863036137 0.0501356703241309 0.9774054364787
4162.512 0.7098765969276428 -0.946991268788473 -0.008427921925679982 -1.5751941839801233 -0.058216396962301076 2.3968450477696024e-05 0.5311025381088257 0.40115517377853394 -0.0 0.0 -0.5658231973648071 0.0 0.0016389113854668041 -0.5009239522436569 0.5861820097354463 1.6914798850186987 0.04842732214499275 0.979479434498665
4162.5199999999995 0.714065432548523 -0.9438517729388636 -0.00846416154970342 -1.5752299467669886 -0.06284648576845342 2.3968450477696024e-05 0.5287248492240906 0.3901488482952118 -0.0 0.0 -0.6083672046661377 0.0 0.0019033439404259056 -0.5024123183824637 0.5844512369646548 1.6949126598670203 0.046443883114366875 0.9809557994782079
4162.528 0.7183026075363159 -0.9407008329974573 -0.008440319691793263 -1.5752061049090784 -0.06778842607607061 2.3968450477696024e-05 0.5284755825996399 0.3787590265274048 -0.0 0.0 -0.6597795486450195 0.0 0.002135161562023258 -0.5039535608068719 0.5826428885950014 1.6985555362969305 0.04420574864065482 0.9822865299575937
4162.536 0.7224315404891968 -0.9376452604876917 -0.008404080067769826 -1.5752180258380335 -0.0732348600970667 1.1984225238848012e-05 0.5242187976837158 0.3798903524875641 -0.0 0.0 -0.7106406092643738 0.0 0.0022689356813691136 -0.5055310969749541 0.5807764984613324 1.7024241090898584 0.041667616066583854 0.9829928174489251
4162.544 0.726680338382721 -0.9346016089068812 -0.008392159138814748 -1.5752061049090784 -0.07924443880190069 2.3968450477696024e-05 0.5119661092758179 0.3862563669681549 -0.0 0.0 -0.7778481245040894 0.0 0.002385850627942901 -0.5071711130075168 0.5788178748108634 1.7066069101131278 0.03887130528540153 0.9832971545215266
4162.552 0.7307018041610718 -0.9315817991839808 -0.008392159138814748 -1.5752418676959437 -0.08576995531191045 1.1984225238848012e-05 0.5078818798065186 0.38725346326828003 -0.0 0.0 -0.8273909091949463 0.0 0.002322407472393262 -0.5088625454545264 0.57678016672361 1.71101084853648 0.03565069425681159 0.9828913680741229
4162.5599999999995 0.7347472310066223 -0.9284785429583948 -0.008440319691793263 -1.5752299467669886 -0.09261876741518194 0.0 0.5022253394126892 0.37379276752471924 -0.0 0.0 -0.8918900489807129 0.0 0.002207545384768861 -0.510606952864883 0.5746573174032492 1.715619105316736 0.032193364881117605 0.9822663635815218
4162.568 0.7387686967849731 -0.9254830519305628 -0.008427921925679982 -1.5752180258380335 -0.09990007082094365 2.3968450477696024e-05 0.49284887313842773 0.36451220512390137 -0.0 0.0 -0.9388442039489746 0.0 0.002041195470090143 -0.512377746560566 0.5724785339435006 1.7204532131275785 0.028463564231075673 0.9812197684859072
4162.576 0.74261075258255 -0.9224398771869105 -0.008452240620748341 -1.5752061049090784 -0.10769588152040654 3.5952674807049334e-05 0.47802677750587463 0.35151171684265137 -0.0 0.0 -1.006051778793335 0.0 0.0016957138280701417 -0.5142130425029725 0.5701963430111107 1.7255369288279079 0.024269078923846246 0.9795716568277449
4162.584 0.7463809251785278 -0.9196479956256312 -0.008356396351949513 -1.5752180258380335 -0.11599666277040654 0.0 0.4722360074520111 0.3529497981071472 -0.0 0.0 -1.0646306276321411 0.0 0.0012936522963186287 -0.5160476523651728 0.5678858665493817 1.7308308269385235 0.019875634996143168 0.9772568451130006
4162.592 0.7501155138015747 -0.9168680349933069 -0.008368317280904591 -1.5752180258380335 -0.12470466295351201 -1.1746083394825746e-05 0.46468114852905273 0.3467947244644165 -0.0 0.0 -1.1319340467453003 0.0 0.00083108434371508 -0.5179017651986274 0.5655233101104546 1.7363125746421537 0.015278246019469947 0.9744717142553709
4162.599999999999 0.7538261413574219 -0.9141362349139612 -0.008427921925679982 -1.5752418676959437 -0.13394004503359014 2.3968450477696024e-05 0.4593889117240906 0.33235612511634827 -0.0 0.0 -1.1689893007278442 0.0 0.0002934403254811341 -0.5197857851147862 0.5630931460773755 1.7420391693571038 0.010399783639254164 0.9711253512399375
4162.608 0.7574884295463562 -0.9115598837481897 -0.008452240620748341 -1.575254265462057 -0.14349919954408819 3.5952674807049334e-05 0.45097118616104126 0.3150796592235565 -0.00035952674807049334 -0.0005033374764025211 -1.2131152153015137 0.0 -0.00027966470923738995 -0.5216562555999321 0.560646710482025 1.7478969471295012 0.0054045246455634325 0.9673307389173074
4162.616 0.7610432505607605 -0.9090793768512171 -0.008392159138814748 -1.5753257910357874 -0.153358284627096 -1.1746083394825746e-05 0.4462541937828064 0.2953488230705261 -0.006040049716830254 -0.0054887752048671246 -1.245376706123352 0.0 -0.0009399115717681761 -0.5235304670782459 0.5581627222149257 1.7538671696831103 0.000257541165685006 0.9630661619590102
4162.624 0.7645261883735657 -0.9067428747760218 -0.008392159138814748 -1.5753381888019007 -0.1633971373187464 1.1984225238848012e-05 0.4362066090106964 0.28027746081352234 -0.005632585845887661 -0.006567355711013079 -1.2880165576934814 0.0 -0.0016163388721550515 -0.525361578965193 0.5556996053308062 1.7598927117777274 -0.0049885622343976066 0.9585014885518944
4162.632 0.7679611444473267 -0.9045022169696253 -0.008368317280904591 -1.5753863493548792 -0.1738675276385706 0.0 0.4231102466583252 0.2736813426017761 -0.0033076461404561996 -0.0069029140286147594 -1.316706895828247 0.0 -0.002368332383801214 -0.5272004529405032 0.5531906374569001 1.7660879890896413 -0.010409941580043672 0.9533808875322468
4162.639999999999 0.7713965177536011 -0.9023335615741175 -0.008404080067769826 -1.5754826704608362 -0.18473321596254522 0.0 0.4151335656642914 0.26050829887390137 -0.0023489082232117653 -0.008844357915222645 -1.3584119081497192 0.0 -0.003160255704256612 -0.5290350401854442 0.550653342646371 1.7724234510726418 -0.01592549903925835 0.9477497110343885
4162.648 0.7747595906257629 -0.9003084341632288 -0.008404080067769826 -1.5755422751056116 -0.1955512205706995 -1.1746083394825746e-05 0.4117204546928406 0.2411993145942688 -0.0018216022290289402 -0.009515474550426006 -1.3787611722946167 0.0 -0.003946971606668306 -0.5308103946694306 0.5481583332581812 1.778702237819759 -0.021381381894178635 0.9420092481478941
4162.656 0.7780035734176636 -0.8984149138080042 -0.008404080067769826 -1.5757344404803675 -0.20668107668031865 0.0 0.4188534617424011 0.21412454545497894 -0.0015339808305725455 -0.025382589548826218 -1.3997095823287964 0.0 -0.004815548654032345 -0.532559467393625 0.5456684161116491 1.7850272605962245 -0.0269296306425921 0.9356904949377043
4162.664 0.781342625617981 -0.8967016378985804 -0.008440319691793263 -1.5759390036212366 -0.21790582338442022 2.3968450477696024e-05 0.41300517320632935 0.19385682046413422 -0.0015339808305725455 -0.03384345397353172 -1.419004201889038 0.0 -0.005598324875387542 -0.5342432125311499 0.5432360163570993 1.7913336801719415 -0.03226057230247566 0.9291565712680585
4162.672 0.7845742702484131 -0.8951080481158655 -0.008452240620748341 -1.5762751738177698 -0.22937089601625615 0.0 0.4001580774784088 0.18551580607891083 -0.0015339808305725455 -0.04103398695588112 -1.4450339078903198 0.0 -0.006455407270299668 -0.5358982822208217 0.5408147281917097 1.7976426349876244 -0.03759615196323268 0.9220914582462497
4162.679999999999 0.7878182530403137 -0.8937056700335901 -0.00846416154970342 -1.5766719023333948 -0.24107581773866826 -1.1746083394825746e-05 0.39191293716430664 0.17502720654010773 -0.0015339808305725455 -0.04887166991829872 -1.459486961364746 0.0 -0.007303649972981691 -0.5375028896222319 0.5384328373371425 1.8039665271700895 -0.04286504800774909 0.9146048681884359
4162.688 0.790894091129303 -0.8923876921283167 -0.008511845265523732 -1.5770567099200647 -0.25274354616274053 0.0 0.38984206318855286 0.15592914819717407 -0.0019654128700494766 -0.04894357547163963 -1.4858043193817139 0.0 -0.008215291959542265 -0.5390526237181432 0.5360967361901318 1.8101900248171863 -0.048177366309020975 0.9069303153637183
4162.696 0.7940178513526917 -0.8912375609027308 -0.008488003407613576 -1.5774648825274866 -0.26455575624574834 0.0 0.39895007014274597 0.13255511224269867 -0.0019654128700494766 -0.0487278588116169 -1.4876258373260498 0.0 -0.009101228887494248 -0.5405586599066536 0.5337892459556588 1.8164221817103414 -0.0534139559516626 0.8990243352375498
4162.704 0.7972015142440796 -0.8902791182147425 -0.00852376619447881 -1.5778010527240198 -0.27665549913515264 3.5952674807049334e-05 0.39919933676719666 0.11305438727140427 -0.0019654128700494766 -0.04779309034347534 -1.4972611665725708 0.0 -0.009961850755853707 -0.5420114856443318 0.5315196221535722 1.8227105188208412 -0.05865239581255602 0.8907550507668283
4162.7119999999995 0.8004215359687805 -0.889416519795553 -0.008452240620748341 -1.578137222920553 -0.28868323961366826 2.3968450477696024e-05 0.39317846298217773 0.10084006190299988 -0.0019654128700494766 -0.0372949093580246 -1.5257117748260498 0.0 -0.010787829677134639 -0.5434232319526726 0.5292765710150227 1.8289420767500038 -0.06375673258068265 0.882510014370245
4162.72 0.8036051988601685 -0.8886616865741175 -0.00852376619447881 -1.5784862677203577 -0.3009260336505335 0.0 0.3904748260974884 0.09880753606557846 -0.0019654128700494766 -0.04108192399144173 -1.5183055400848389 0.0 -0.01163969285836794 -0.5447828393530927 0.5270828340387553 1.835133820703408 -0.06879813972741718 0.8738042220741914
4162.728 0.8067413568496704 -0.8879306952105921 -0.00852376619447881 -1.5787866751300257 -0.313084904347555 1.1984225238848012e-05 0.3917403519153595 0.08431141823530197 -0.0015819177497178316 -0.03664775937795639 -1.5455576181411743 0.0 -0.012516120633353861 -0.546114524508427 0.5248937775710543 1.8412860226825254 -0.07391700048753025 0.8651953580017593
4162.736 0.8098774552345276 -0.8873432318316858 -0.008583847676412404 -1.5791352430926722 -0.32524329820741826 0.0 0.4033602476119995 0.06053471937775612 -0.001318264752626419 -0.039212387055158615 -1.5331659317016602 0.0 -0.013359329545718446 -0.5473757590079795 0.5227891156649118 1.8473034331889921 -0.07880517115522566 0.8563494079994629
4162.744 0.8130131959915161 -0.886876408253805 -0.008536163960592091 -1.5794475714312952 -0.3377497831927698 5.992112710373476e-05 0.4045299291610718 0.04385267570614815 -0.0012463594321161509 -0.03997937589883804 -1.5393258333206177 0.0 -0.014267869140581702 -0.5486257461427504 0.5206537160541509 1.853452609363884 -0.08397851463051272 0.8472096449008742
4162.7519999999995 0.8161856532096863 -0.88654071489443 -0.008560005818502248 -1.5796998182879847 -0.3499677816974085 0.0 0.4001580774784088 0.04134078323841095 -0.0012463594321161509 -0.02864229865372181 -1.546324610710144 0.0 -0.015069975405761243 -0.5497838769107108 0.5186356843246691 1.8593738936193906 -0.08870109267647187 0.8381358298138457
4162.76 0.819416880607605 -0.8862531820880335 -0.008583847676412404 -1.5798681418048304 -0.3623412291156214 0.0 0.3948083221912384 0.046671368181705475 -0.0012463594321161509 -0.022674154490232468 -1.5554566383361816 0.0 -0.015872789424572 -0.5509200361869795 0.5166106565771698 1.8653538409594288 -0.09353177478384066 0.828985842565003
4162.768 0.8226009607315063 -0.8859174887286585 -0.008583847676412404 -1.5800240675555628 -0.3749302069293421 4.793690095539205e-05 0.39705175161361694 0.04350753128528595 -0.0012463594321161509 -0.018503643572330475 -1.5793530941009521 0.0 -0.016773728393311732 -0.5520643643081746 0.5145326546427684 1.8714157086365497 -0.0986306978752925 0.8196554026927689
4162.776 0.825868546962738 -0.8856061140643519 -0.008667771016256154 -1.5802162329303187 -0.38749534288515264 2.3968450477696024e-05 0.40502846240997314 0.037409957498311996 -0.0 -0.01085770782083273 -1.5867114067077637 0.0 -0.017621303466156008 -0.5531661176099971 0.5125041746812429 1.8773726536459265 -0.10344536603356544 0.8102115092295376
4162.784 0.8291724324226379 -0.8853424231158655 -0.00863200822939092 -1.5803125540362757 -0.40034801164735967 0.0 0.4082498252391815 0.02985510230064392 -0.0 -0.01768871583044529 -1.583092212677002 0.0 -0.018524164797589115 -0.5542679844668573 0.5104161561825743 1.8834871596176457 -0.108509368805351 0.8006004778565122
4162.7919999999995 0.8325115442276001 -0.8851144949542444 -0.008595768605367482 -1.5803969542132776 -0.4128168264972132 1.1984225238848012e-05 0.4053927958011627 0.02678713947534561 -0.0 -0.010785803198814392 -1.6034654378890991 0.0 -0.019332245235126735 -0.555307399565075 0.508409750788069 1.8893980401771147 -0.11329886826862379 0.7913376348013804
4162.8 0.8357319235801697 -0.8848632017718714 -0.008571926747457326 -1.580444637929098 -0.42571717897524053 1.1984225238848012e-05 0.4045299291610718 0.03280801326036453 -0.0 -0.0068789455108344555 -1.58920419216156 0.0 -0.020313995956167744 -0.5563547665175127 0.5063353378563321 1.895442654771082 -0.11847231897345209 0.7815727631975334
4162.808 0.8389511704444885 -0.8845756689654749 -0.00860768953432256 -1.580456558858053 -0.43861657777895147 2.3968450477696024e-05 0.4088250696659088 0.037525005638599396 -0.0 -0.005177185405045748 -1.6171034574508667 0.0 -0.021311874953242008 -0.5573776100162045 0.5042669968378639 1.901448450815568 -0.12364736308750598 0.7717813981414855
4162.816 0.8422790765762329 -0.8842762152301233 -0.00863200822939092 -1.580468479787008 -0.45132428804506475 2.3968450477696024e-05 0.4183165729045868 0.045405831187963486 -0.0 -0.0031398669816553593 -1.6136759519577026 0.0 -0.022225674989145877 -0.5583682969402594 0.5022295841809483 1.9073633411158422 -0.12858653493852928 0.7622090346887616
4162.824 0.8455829620361328 -0.8839166800128382 -0.008667771016256154 -1.5804808775531214 -0.46430713335146123 4.793690095539205e-05 0.4212886691093445 0.05123496055603027 -0.0 -0.002996056340634823 -1.60641348361969 0.0 -0.023237210580172835 -0.5593645090330668 0.5001385302669252 1.9133645292883052 -0.1337564421505698 0.7523663515028284
4162.831999999999 0.849005937576294 -0.8834970633136194 -0.00860768953432256 -1.5805047194110315 -0.47720557848085576 1.1984225238848012e-05 0.4210393726825714 0.052807290107011795 -0.0 -0.002996056340634823 -1.6269304752349854 0.0 -0.024200385702417615 -0.5603586699015288 0.49801926045200207 1.91937717840312 -0.1387840791480052 0.7426980148875904
4162.84 0.8523334264755249 -0.8830536047564905 -0.00863200822939092 -1.5805166403399866 -0.4901164213763636 2.3968450477696024e-05 0.421959787607193 0.060994911938905716 -0.0 -0.0028043086640536785 -1.6024107933044434 0.0 -0.02522844821971168 -0.561320845952803 0.4959202910905268 1.9253124032553353 -0.14390048681379455 0.7329082892089867
4162.848 0.8557332158088684 -0.882538143788473 -0.008595768605367482 -1.580468479787008 -0.5029309431659144 1.1984225238848012e-05 0.42794230580329895 0.0631808340549469 -0.0 -0.0021092237439006567 -1.6200275421142578 0.0 -0.026228432689552855 -0.5622779582060181 0.49378787061603635 1.9312762497425982 -0.14897738872124328 0.7233290124673845
4162.856 0.8591921925544739 -0.8819993177997034 -0.008583847676412404 -1.5805166403399866 -0.5157325903521937 2.3968450477696024e-05 0.43605321645736694 0.0695660337805748 -0.0 -0.0016777915880084038 -1.58920419216156 0.0 -0.02720694773163214 -0.5632139303312085 0.49167926304241927 1.9371584084399383 -0.15392270380216438 0.7137063932477121
4162.864 0.8627833127975464 -0.8813641707049769 -0.008571926747457326 -1.5804808775531214 -0.5287626425372522 2.3968450477696024e-05 0.43921706080436707 0.08045729249715805 -0.0 -0.001390170189552009 -1.5947887897491455 0.0 -0.02819230206351768 -0.5641631303923632 0.4894920472077197 1.9432045874095372 -0.15897070728275614 0.7040194976278458
4162.871999999999 0.8663384914398193 -0.88068133989443 -0.00854808488954717 -1.580468479787008 -0.5412762800799769 4.793690095539205e-05 0.4454488456249237 0.09152112901210785 -0.0 -0.0011744541116058826 -1.5882693529129028 0.0 -0.02910550016456946 -0.565072713129348 0.48736883110406576 1.9490281569560348 -0.16375892084313223 0.6947995416401018
4162.88 0.8698697686195374 -0.8799622694598597 -0.00863200822939092 -1.5805166403399866 -0.5540779272662562 2.3968450477696024e-05 0.45678114891052246 0.09731190651655197 -0.0 -0.0010306433541700244 -1.5648282766342163 0.0 -0.03010409175717875 -0.56596860742534 0.4852399840071793 1.9548447802517805 -0.1685857145436873 0.6851215353829149
4162.888 0.87355637550354 -0.8791597525226038 -0.008560005818502248 -1.580468479787008 -0.5665190855609339 4.793690095539205e-05 0.46395251154899597 0.09679418802261353 -0.0 -0.0009108011145144701 -1.5758297443389893 0.0 -0.03097405595586955 -0.5668641455093234 0.48307312019414594 1.960701551553587 -0.17329017589614112 0.6761023800904746
4162.896 0.8772433996200562 -0.8783448378192347 -0.008560005818502248 -1.5805166403399866 -0.5789120833026331 4.793690095539205e-05 0.4663110077381134 0.10396555066108704 -0.0 -0.0008149273344315588 -1.5482181310653687 0.0 -0.03183831896367867 -0.5677302676571369 0.4809548466857547 1.9664206538822826 -0.17780985457141943 0.666966075254279
4162.9039999999995 0.8810019493103027 -0.8775056044207972 -0.008571926747457326 -1.5804927984820765 -0.591473404561178 2.3968450477696024e-05 0.4644894003868103 0.11086846143007278 -0.0 -0.0007430219557136297 -1.5504951477050781 0.0 -0.032710494478514554 -0.5685851151348653 0.4788035898964787 1.9722252750051352 -0.18236875308360273 0.6577067031637036
4162.912 0.8847125768661499 -0.8765829245196741 -0.00852376619447881 -1.5804927984820765 -0.6036742369281214 4.793690095539205e-05 0.46932142972946167 0.1222582682967186 0.00023968450841493905 -0.0006711166352033615 -1.5412672758102417 0.0 -0.03355853929385805 -0.5694277875319353 0.4766603172848631 1.977922409559436 -0.18685452484906026 0.6488314413040469
4162.92 0.8885430693626404 -0.8755887190448206 -0.008536163960592091 -1.5805047194110315 -0.6159704367267054 1.1984225238848012e-05 0.48061537742614746 0.1344534158706665 0.00023968450841493905 -0.0006231797160580754 -1.521804928779602 0.0 -0.03437615377381427 -0.5702665877654047 0.47450116998020797 1.9836436292261055 -0.19119298178780297 0.6398552189946425
4162.928 0.8924094438552856 -0.8744738737689417 -0.008560005818502248 -1.5804927984820765 -0.6281951109515589 0.0 0.4870580732822418 0.14442428946495056 0.00023968450841493905 -0.0005752427969127893 -1.5275332927703857 0.0 -0.035186002459052665 -0.5711091267667132 0.4723050669436109 1.9893904468790897 -0.19553519666738398 0.6310271246769739
4162.936 0.8963953256607056 -0.8732999006854456 -0.008571926747457326 -1.5804927984820765 -0.6402395407306116 3.5952674807049334e-05 0.4949197471141815 0.15642769634723663 -0.0 -0.0005273059359751642 -1.4954155683517456 0.0 -0.03590449080739355 -0.5719431683584447 0.470113872940258 1.9951032489931708 -0.19970737242004033 0.6224745079511654
4162.9439999999995 0.900393545627594 -0.8720296064959925 -0.008583847676412404 -1.5805166403399866 -0.652379337941305 1.1984225238848012e-05 0.5024554133415222 0.16173909604549408 -0.0 -0.0005033374764025211 -1.494025468826294 0.0 -0.03666196883427157 -0.5727827442304718 0.4678780582872921 2.000863229737586 -0.2038809713260234 0.6137962886282774
4162.952 0.9043914079666138 -0.8707240263568323 -0.008536163960592091 -1.5805047194110315 -0.6640637556659144 5.992112710373476e-05 0.5117168426513672 0.16574662923812866 -0.0 -0.0004793690168298781 -1.4954155683517456 0.0 -0.037329074462583114 -0.5736002815036497 0.4656706298921347 2.006516696856989 -0.20790470968670413 0.6056496216533074
4162.96 0.9085214734077454 -0.869333569203512 -0.00863200822939092 -1.5805285612689417 -0.6760595480548304 2.3968450477696024e-05 0.5182362198829651 0.1788238137960434 -0.0 -0.00043143212678842247 -1.4768160581588745 0.0 -0.03800199909261335 -0.5744176614846941 0.4634421755684453 2.0122201909799426 -0.21180834921358882 0.5971176150781303
4162.968 0.9126272201538086 -0.8678477446185511 -0.008560005818502248 -1.580468479787008 -0.6879466215716761 2.3968450477696024e-05 0.5204605460166931 0.18551580607891083 -0.0 -0.0004074636672157794 -1.4796923398971558 0.0 -0.03869526662402341 -0.5752465298905373 0.4611223589299266 2.0180648316771004 -0.21589315200542883 0.5888696628814731
4162.976 0.9167689085006714 -0.8663018385516565 -0.008583847676412404 -1.5804927984820765 -0.6995709578143519 3.5952674807049334e-05 0.5279386639595032 0.1925145983695984 -0.0 -0.0004074636672157794 -1.4658864736557007 0.0 -0.039315134064640184 -0.5760569485237577 0.45886324514527826 2.0237317585024464 -0.21968696109978816 0.5807899657745325
4162.9839999999995 0.9211027026176453 -0.8646963278399866 -0.008560005818502248 -1.5805047194110315 -0.7112663427935999 5.992112710373476e-05 0.5333268046379089 0.21011702716350555 -0.0 -0.0003834952076431364 -1.4481737613677979 0.0 -0.03985672475104122 -0.5768742779892182 0.4565565991629852 2.029513319732339 -0.22338337406526784 0.572791716835479
4162.992 0.9254716634750366 -0.8629944960223597 -0.008560005818502248 -1.5804927984820765 -0.7214396635638636 5.992112710373476e-05 0.5339787006378174 0.22210124135017395 -0.0 -0.0003834952076431364 -1.457137942314148 0.0 -0.04003627196953952 -0.577663186857243 0.45441127317547503 2.034845772012701 -0.22613508770056157 0.5663402092984663
4163.0 0.9298050999641418 -0.8611972967730921 -0.00860768953432256 -1.5805404821978968 -0.7336857954608362 1.1984225238848012e-05 0.5401721596717834 0.23120926320552826 -0.0 -0.0003834952076431364 -1.433193564414978 0.0 -0.0407397971104653 -0.5784916761897105 0.4519862544539564 2.040815774631015 -0.23006685174853117 0.5576956571260191
4163.008 0.9341269135475159 -0.8593757788287562 -0.008583847676412404 -1.5805047194110315 -0.7453683058368128 4.793690095539205e-05 0.5565474033355713 0.23462235927581787 -0.0 -0.0003834952076431364 -1.433193564414978 0.0 -0.04132446850681801 -0.5792968879526856 0.4495905475013069 2.0466912668653685 -0.23383181271748524 0.5497197300474931
4163.016 0.9385678172111511 -0.8574941794024866 -0.00854808488954717 -1.5805047194110315 -0.7565477530108851 2.3968450477696024e-05 0.565003514289856 0.24854324758052826 -0.0 -0.0003834952076431364 -1.4303652048110962 0.0 -0.04173314938063548 -0.5800957424773214 0.44723975106707115 2.052436930769645 -0.237099118494258 0.5422594833093588
4163.023999999999 0.9430686235427856 -0.8554695288287562 -0.00852376619447881 -1.5805166403399866 -0.7678826490985315 5.992112710373476e-05 0.5644665956497192 0.26142868399620056 -0.0 -0.0003834952076431364 -1.4133236408233643 0.0 -0.04216735565845317 -0.5809129173717256 0.444812094005191 2.0583027616134886 -0.24049274857115377 0.534734765142071
4163.032 0.9475458860397339 -0.8533723990069788 -0.008536163960592091 -1.5805166403399866 -0.7793849150287073 3.5952674807049334e-05 0.5682440400123596 0.2632119357585907 -0.0 -0.0003834952076431364 -1.4051504135131836 0.0 -0.04266338797531821 -0.5817239927238916 0.4423448996316008 2.064229341778718 -0.24393433360735955 0.5269631937053364
4163.04 0.952118992805481 -0.8512156645404261 -0.00854808488954717 -1.5805285612689417 -0.790539566670553 3.5952674807049334e-05 0.570602536201477 0.2662799060344696 -0.0 -0.0003834952076431364 -1.4023940563201904 0.0 -0.043029374916343996 -0.5825300526232395 0.4399005232503362 2.070082856372225 -0.24708534941122562 0.5195939223435612
4163.048 0.9567516446113586 -0.8489750067340296 -0.008583847676412404 -1.5805166403399866 -0.8016584555255335 1.1984225238848012e-05 0.5704107880592346 0.2809102237224579 -0.0 -0.0003834952076431364 -1.388156771659851 0.0 -0.043361408539018105 -0.5833352971825071 0.43742870780077764 2.075978688986674 -0.2501364301201415 0.5122780821550295
4163.056 0.9613247513771057 -0.8466861883746546 -0.008536163960592091 -1.5805166403399866 -0.8127287069903772 7.190534961409867e-05 0.572788417339325 0.28790903091430664 -0.0 -0.0003834952076431364 -1.3885881900787354 0.0 -0.04372670570229689 -0.5841367630801618 0.4349191531873754 2.08190914944924 -0.2533347478650845 0.5050416372808308
4163.063999999999 0.9658854603767395 -0.8443496862994593 -0.00854808488954717 -1.5805166403399866 -0.8238351980792444 3.5952674807049334e-05 0.5863641500473022 0.29600077867507935 -0.0 -0.0003834952076431364 -1.3798397779464722 0.0 -0.0441092719194515 -0.584924272353027 0.43240830230553173 2.0878268550368144 -0.2564156797616815 0.49764074359376864
4163.072 0.9705784320831299 -0.8418930212603968 -0.008560005818502248 -1.5805166403399866 -0.8348930517779749 2.3968450477696024e-05 0.5967185497283936 0.30685368180274963 -0.0 -0.0003834952076431364 -1.3550564050674438 0.0 -0.04441849146817722 -0.5857253882369008 0.42984913743484154 2.0938257174549655 -0.2593813042676815 0.49039650853361305
4163.08 0.9753309488296509 -0.8394845167743128 -0.008560005818502248 -1.5805166403399866 -0.8457115332232874 3.5952674807049334e-05 0.5959515571594238 0.3105544149875641 -0.0 -0.0003834952076431364 -1.3600897789001465 0.0 -0.044624197365588564 -0.5864993025419262 0.42734521786908203 2.099726822071217 -0.26210545433916693 0.4833732701343606
4163.088 0.980095386505127 -0.8369563261615198 -0.008560005818502248 -1.5805771986590784 -0.8563016096698206 2.3968450477696024e-05 0.5976005792617798 0.31356486678123474 -0.0 -0.0003834952076431364 -1.3425687551498413 0.0 -0.04478419364180818 -0.5872857804882406 0.4248258586386923 2.105592087294632 -0.26464834047387203 0.4765583222413943
4163.096 0.9849437475204468 -0.8344281355487269 -0.008583847676412404 -1.5805533568011683 -0.867251221333639 1.1984225238848012e-05 0.5959515571594238 0.3111296594142914 -0.0 -0.0003834952076431364 -1.3439589738845825 0.0 -0.04497320158168124 -0.588050153142887 0.42226175330700383 2.111608798679654 -0.26729825113484507 0.4693957450459672
4163.103999999999 0.9897202253341675 -0.8318637053119105 -0.008511845265523732 -1.5805285612689417 -0.87805682817568 1.1984225238848012e-05 0.5935738682746887 0.3189913034439087 -0.0 -0.0003834952076431364 -1.3471227884292603 0.0 -0.04517493551456895 -0.5888075580690525 0.4196683470541242 2.117648225595429 -0.26997875987826986 0.46236373136106884
4163.112 0.9944371581077576 -0.8293235937701624 -0.00852376619447881 -1.5805404821978968 -0.8885868231402796 5.992112710373476e-05 0.5994413495063782 0.3248204290866852 -0.0 -0.0005033374764025211 -1.32023024559021 0.0 -0.04533404135270564 -0.5895353718883457 0.41716295275648085 2.1234760886868633 -0.2724887825595063 0.4554773835501464
4163.12 0.9992495775222778 -0.8267110029803675 -0.00852376619447881 -1.5805285612689417 -0.89923602739443 7.190534961409867e-05 0.6102750897407532 0.3336791694164276 -0.0 -0.0005033374764025211 -1.3148612976074219 0.0 -0.045471427994945565 -0.5902639896899237 0.41460384089431734 2.1294243558620414 -0.2749403419638127 0.448502911398603
4163.128 1.0041342973709106 -0.8240388075457972 -0.00852376619447881 -1.5805285612689417 -0.9097898642169397 8.388957940042019e-05 0.612902045249939 0.3444362282752991 -0.0 -0.0005033374764025211 -1.3215724229812622 0.0 -0.045546858384920515 -0.5909919730686554 0.41203361930027294 2.1353829257399592 -0.27723908453989093 0.44163892343533095
4163.1359999999995 1.009042501449585 -0.821270767842428 -0.00852376619447881 -1.5805771986590784 -0.9203909079181116 3.5952674807049334e-05 0.6100833415985107 0.342576265335083 -0.0 -0.0005033374764025211 -1.3051540851593018 0.0 -0.04563016403039118 -0.5917263130029977 0.4094252298149385 2.14138333889643 -0.279451493126668 0.43467099475361426
4163.144 1.0138673782348633 -0.8185747305499476 -0.008560005818502248 -1.580625359212057 -0.9309561888324183 3.5952674807049334e-05 0.6057498455047607 0.3335449695587158 -0.0 -0.0016538230702280998 -1.3042911291122437 0.0 -0.04573752959535459 -0.59242069625034 0.40687859767594714 2.1472579698448837 -0.28167762426111265 0.4276055747974131
4163.152 1.0187393426895142 -0.815866772328512 -0.008511845265523732 -1.5806611219989222 -0.9413178602801722 2.3968450477696024e-05 0.5967185497283936 0.3284252882003784 -0.0 -0.0016538230702280998 -1.3162034749984741 0.0 -0.04576627545603796 -0.5931087819224031 0.40432173615037276 2.1531552392624134 -0.28373417751106234 0.42077626860785405
4163.16 1.0235520601272583 -0.8132427374469202 -0.008499924336568654 -1.5806973616229456 -0.9516666571246546 2.3968450477696024e-05 0.5928260684013367 0.33567336201667786 -0.0 -0.007478156592696905 -1.2876330614089966 0.0 -0.04580962388215046 -0.5937563997490862 0.4018311397733103 2.1589292503660964 -0.28574868068093146 0.413814294225249
4163.168 1.0283524990081787 -0.8105223814593714 -0.008511845265523732 -1.5807331244098108 -0.9621837774859827 3.5952674807049334e-05 0.601991593837738 0.3476192355155945 -0.0 -0.004314321093261242 -1.2878727912902832 0.0 -0.04590885070533168 -0.5944024454587677 0.39928792982006844 2.164782435290175 -0.2878731627792913 0.40665278946479533
4163.1759999999995 1.033105731010437 -0.8077304998980921 -0.008499924336568654 -1.580756966267721 -0.9724600950824183 3.5952674807049334e-05 0.6087027788162231 0.3570723831653595 -0.0 -0.004314321093261242 -1.2853081226348877 0.0 -0.045981102822174845 -0.5950479206667204 0.39672818487762995 2.1706287967877347 -0.28990653313856724 0.3997129312024041
4163.184 1.037894606590271 -0.8048666159259241 -0.008560005818502248 -1.5807812849627894 -0.9825695196734827 1.1984225238848012e-05 0.6030078530311584 0.35574933886528015 -0.0 -0.003906857687979937 -1.2781416177749634 0.0 -0.04599218920090579 -0.5956913713368626 0.3941810040169838 2.1764262415335995 -0.29173373806570996 0.3929019038380707
4163.192 1.0426833629608154 -0.8020027319537562 -0.008595768605367482 -1.5808170477496546 -0.992929760609762 3.5952674807049334e-05 0.5962583422660828 0.35231703519821167 -0.0 -0.003020024858415127 -1.2714544534683228 0.0 -0.04606165878606421 -0.5963151687522541 0.3916093191901655 2.182278180549196 -0.2937095941518201 0.3857962284697359
4163.2 1.0474003553390503 -0.7991746107684534 -0.00854808488954717 -1.5809014479266565 -1.003157917653219 7.190534961409867e-05 0.5826250910758972 0.3436117172241211 -7.190534961409867e-05 -0.00723847234621644 -1.2849006652832031 0.0 -0.046136513496153136 -0.5969217307215113 0.3890582492491733 2.1880622508595255 -0.2956532694120809 0.37874157920735774
4163.208 1.0521411895751953 -0.7964423338519495 -0.008511845265523732 -1.580925766621725 -1.0131953398333948 3.5952674807049334e-05 0.5715612769126892 0.3477151095867157 -7.190534961409867e-05 -0.007478156592696905 -1.261962890625 0.0 -0.04613022320252426 -0.597491216231324 0.38657677381728417 2.1937558282793925 -0.297314540839484 0.3717871736338008
4163.215999999999 1.0567506551742554 -0.7936385313617151 -0.00852376619447881 -1.5809138456927698 -1.0233877340899866 7.190534961409867e-05 0.5769493579864502 0.36144423484802246 -7.190534961409867e-05 -0.006807039957493544 -1.2554434537887573 0.0 -0.04624168083406747 -0.598043479039549 0.3840593283913106 2.1994823574522906 -0.299263318310008 0.36460385674968626
4163.224 1.061324119567871 -0.7907627264605921 -0.008511845265523732 -1.580949608479635 -1.0333760420428675 4.793690095539205e-05 0.5894896388053894 0.36771437525749207 -7.190534961409867e-05 -0.0036911414936184883 -1.2528308629989624 0.0 -0.04633007699247939 -0.5986015784399606 0.38153274024834516 2.205176674155671 -0.3010480325510544 0.35755689453265005
4163.232 1.0659455060958862 -0.7878268400775355 -0.008536163960592091 -1.580925766621725 -1.0432799498187464 3.5952674807049334e-05 0.589815616607666 0.37264227867126465 -7.190534961409867e-05 -0.002540655666962266 -1.2296295166015625 0.0 -0.04636654753074812 -0.5991524199426377 0.37898956054721156 2.210910797004198 -0.30273801898220704 0.3506180837044777
4163.24 1.07063889503479 -0.784914795552389 -0.008536163960592091 -1.5809972921954554 -1.053100887929098 4.793690095539205e-05 0.5772178173065186 0.37093573808670044 -7.190534961409867e-05 -0.0019174760673195124 -1.2273045778274536 0.0 -0.04633654748353995 -0.5996969781359189 0.3764877774751055 2.21654610239067 -0.3042376475198855 0.34372196244301756
4163.248 1.075188398361206 -0.7819550673114222 -0.00852376619447881 -1.5809972921954554 -1.0629094282733362 1.1984225238848012e-05 0.5654061436653137 0.3641478717327118 -7.190534961409867e-05 -0.001701759989373386 -1.2226547002792358 0.0 -0.04638654273217163 -0.6002225491809705 0.3739481471106903 2.2222401911904868 -0.3058463948613841 0.33674029014568235
4163.255999999999 1.0798217058181763 -0.7790315786944788 -0.008499924336568654 -1.5810335318194788 -1.0726097265826624 4.793690095539205e-05 0.5558763146400452 0.36326584219932556 -7.190534961409867e-05 -0.001701759989373386 -1.2211207151412964 0.0 -0.046352141054215465 -0.6007355043486036 0.3714504834860863 2.2278551643061166 -0.3073080929987731 0.329878015590281
4163.264 1.084287405014038 -0.7760842482196253 -0.008511845265523732 -1.5809615294085901 -1.0822737852679651 5.992112710373476e-05 0.5572952032089233 0.3712233603000641 -7.190534961409867e-05 -0.001701759989373386 -1.1878764629364014 0.0 -0.046400689229623454 -0.601218924403849 0.3689399454635773 2.2334888564452338 -0.3089027840835535 0.32294056227914364
4163.272 1.0887893438339233 -0.7731002012835901 -0.00852376619447881 -1.5809853712665003 -1.091914478932516 5.992112710373476e-05 0.5701615214347839 0.37296825647354126 -7.190534961409867e-05 -0.001701759989373386 -1.1849762201309204 0.0 -0.046425143350567556 -0.6017047642637696 0.36644148216208616 2.2390601363201386 -0.3103566210639422 0.3159602615718624
4163.28 1.0932788848876953 -0.7700441519366663 -0.008511845265523732 -1.5809734503375452 -1.1010397116290491 4.793690095539205e-05 0.5766808986663818 0.3839937448501587 -7.190534961409867e-05 -0.001701759989373386 -1.1605284214019775 0.0 -0.04632758886463623 -0.6022018714237406 0.36393891432893205 2.2446084641568866 -0.3115463649909059 0.30954343761209085
4163.288 1.0977568626403809 -0.7669528166400355 -0.008511845265523732 -1.5810216108905237 -1.1102126280414026 5.992112710373476e-05 0.5679947733879089 0.3855852484703064 -7.190534961409867e-05 -0.0014860439114272594 -1.145476222038269 0.0 -0.04624980024003373 -0.6026938712241506 0.36143815786452116 2.250116845061115 -0.3127377040470942 0.303010684429216
4163.295999999999 1.102210521697998 -0.7639692465411585 -0.008499924336568654 -1.5810096899615687 -1.1195891539203089 5.992112710373476e-05 0.5534027814865112 0.38848063349723816 -7.190534961409867e-05 -0.0012463594321161509 -1.1387650966644287 0.0 -0.0462198554161366 -0.6031374089658939 0.35896949201197803 2.255618786473186 -0.3139857433042058 0.29616200229185385
4163.304 1.106628656387329 -0.7609251181231897 -0.008499924336568654 -1.5810096899615687 -1.1287139097796839 4.793690095539205e-05 0.5440263152122498 0.3860262632369995 -7.190534961409867e-05 -0.0010785802733153105 -1.1370632648468018 0.0 -0.04614869824493434 -0.603584920094284 0.3565035797246696 2.261074259233249 -0.3150954671171175 0.2895324258042393
4163.312 1.111082673072815 -0.7578933874713343 -0.008499924336568654 -1.5810454527484339 -1.1375868956195276 4.793690095539205e-05 0.5393093228340149 0.3769374489784241 -7.190534961409867e-05 -0.0009587380336597562 -1.1061919927597046 0.0 -0.045987636001016685 -0.6040298986333567 0.35408136711996113 2.266426525960615 -0.31597966422050383 0.2831380056331548
4163.32 1.1154407262802124 -0.7548378149615687 -0.00852376619447881 -1.5810335318194788 -1.1463645140277308 3.5952674807049334e-05 0.5395393967628479 0.3733901083469391 -7.190534961409867e-05 -0.0008388957940042019 -1.0870890617370605 0.0 -0.04585462704961006 -0.6044586366520703 0.35165903387810693 2.2717641341688464 -0.31688175324838985 0.2767635883214974
4163.3279999999995 1.1197389364242554 -0.7518180052386683 -0.008452240620748341 -1.5810335318194788 -1.154938046132223 4.793690095539205e-05 0.5433935523033142 0.37319836020469666 -7.190534961409867e-05 -0.0007669904152862728 -1.071677327156067 0.0 -0.04569955717718137 -0.6048760223223504 0.3492463200174232 2.277070344932333 -0.3177462100441999 0.2705700959232225
4163.336 1.124037504196167 -0.748786751423971 -0.008452240620748341 -1.5810096899615687 -1.1634400526629847 5.992112710373476e-05 0.5399420857429504 0.38222968578338623 9.58738019107841e-05 -0.0006950850947760046 -1.050657033920288 0.0 -0.045520002479408295 -0.6052802135282218 0.3468619190254033 2.2823162909115964 -0.31851343017898376 0.2643932309400285
4163.344 1.1282641887664795 -0.7456830183612269 -0.008488003407613576 -1.5810335318194788 -1.1717379728900355 4.793690095539205e-05 0.5320804119110107 0.391625314950943 9.58738019107841e-05 -0.0006471481756307185 -1.0240999460220337 0.0 -0.0453351966051658 -0.6056928048234008 0.3444841963426084 2.2874842970114773 -0.3191812137953235 0.25834588390219343
4163.352 1.1325384378433228 -0.7425792852984827 -0.008499924336568654 -1.581057373677389 -1.180035416279928 4.793690095539205e-05 0.5224546790122986 0.38803961873054504 0.003020024858415127 -0.0005992112564854324 -1.0140331983566284 0.0 -0.04511665285380017 -0.6060952442599398 0.34210394448958664 2.292667091636249 -0.31977363025020245 0.2522909407066518
4163.36 1.1367052793502808 -0.7395594755755823 -0.008476082478658498 -1.5810335318194788 -1.1881654898272913 4.793690095539205e-05 0.519961953163147 0.37946850061416626 0.003020024858415127 -0.0005512743955478072 -0.9995083808898926 0.0 -0.04490667596535984 -0.6064679892420735 0.3397656250765576 2.297779783998241 -0.32035831683102783 0.24632432473490357
4163.3679999999995 1.140895962715149 -0.7365277449237269 -0.00846416154970342 -1.5810335318194788 -1.1958769003497522 8.388957940042019e-05 0.5133850574493408 0.3722396194934845 0.003020024858415127 -0.0005033374764025211 -0.977888822555542 0.0 -0.044572590995976505 -0.6068511984578715 0.337467951921587 2.302779238630383 -0.3206932067964524 0.24081095249427434
4163.376 1.1449908018112183 -0.7335675398456019 -0.008476082478658498 -1.5809734503375452 -1.2034199873553675 2.3968450477696024e-05 0.5068464279174805 0.3795260190963745 0.0024687503464519978 -0.0004793690168298781 -0.9438536167144775 0.0 -0.04424008409750545 -0.6072062834167652 0.33522433888408604 2.307693809958091 -0.3208867325448965 0.23533657985583634
4163.384 1.1490861177444458 -0.7305243651019495 -0.008440319691793263 -1.5809972921954554 -1.2110469977008265 9.58738019107841e-05 0.507249116897583 0.3914910852909088 0.0018935076659545302 -0.00045540055725723505 -0.9310544729232788 0.0 -0.04393512392117933 -0.607570625150155 0.3329341109575048 2.312637426253665 -0.3212524662105314 0.2298065483089831
4163.392 1.1531449556350708 -0.7273967901812952 -0.008427921925679982 -1.5809734503375452 -1.2185066382037562 8.388957940042019e-05 0.5108156204223633 0.3946932554244995 0.0015339808305725455 -0.00043143212678842247 -0.900566577911377 0.0 -0.04360827189692378 -0.6079369476183083 0.3306110249224128 2.3176351970742384 -0.3214778456112325 0.22440560782902558
4163.4 1.1571439504623413 -0.7242091337787073 -0.008416000996724904 -1.5810096899615687 -1.225546662007467 3.5952674807049334e-05 0.5131741166114807 0.3929867148399353 0.001294296351261437 -0.0004074636672157794 -0.868952214717865 0.0 -0.043212700389398034 -0.6083242695952709 0.3283018151697571 2.3225369156957414 -0.32148032622745937 0.21939823322922702
4163.407999999999 1.1611908674240112 -0.7211177984820765 -0.008392159138814748 -1.5810216108905237 -1.232335392628805 5.992112710373476e-05 0.5104129314422607 0.38543185591697693 0.0011025487910956144 -0.0003834952076431364 -0.8320647478103638 0.0 -0.04271040348124708 -0.6086955440953996 0.3260591051144186 2.3273321649446213 -0.3213254425663982 0.21467757820354605
4163.416 1.1653341054916382 -0.7180135885821741 -0.008416000996724904 -1.5810216108905237 -1.238908592854635 3.5952674807049334e-05 0.5066163539886475 0.3820379376411438 0.0009587380336597562 -0.00035952674807049334 -0.8181870579719543 0.0 -0.04208929841079106 -0.609069979271565 0.3238435252621168 2.3320844117038413 -0.3208502509421891 0.21018241241690788
4163.424 1.1694529056549072 -0.7149942556964319 -0.008476082478658498 -1.5810216108905237 -1.2453973929034632 5.992112710373476e-05 0.5075942277908325 0.38117507100105286 0.0008628642535768449 -0.00035952674807049334 -0.7865486741065979 0.0 -0.041450737026909754 -0.6094231271222375 0.3217007154549264 2.3366930629537443 -0.3203382276911634 0.20571519233679533
4163.432 1.1735841035842896 -0.7118781248675745 -0.008427921925679982 -1.5810096899615687 -1.2515276114093226 3.5952674807049334e-05 0.5059643983840942 0.3830925226211548 0.0001917476038215682 -0.00033555831760168076 -0.7762422561645508 0.0 -0.040713650297752195 -0.6097974241755667 0.3194836260157238 2.341433118718727 -0.3196182696396135 0.2016861887262553
4163.44 1.1776074171066284 -0.708834473286764 -0.008416000996724904 -1.5809972921954554 -1.2574422995196741 3.5952674807049334e-05 0.5096651315689087 0.38621801137924194 0.0001917476038215682 -0.0003115898580290377 -0.7210668921470642 0.0 -0.03997718872120044 -0.6101554871672906 0.3173395394583759 2.34600639711329 -0.31887372275935344 0.197793534320148
4163.447999999999 1.1816786527633667 -0.7057669798480433 -0.008404080067769826 -1.5809853712665003 -1.2631295363055628 4.793690095539205e-05 0.513749361038208 0.38495248556137085 0.0001917476038215682 -0.0003115898580290377 -0.6917055249214172 0.0 -0.03914967645169473 -0.6105197541986025 0.31519898751664 2.3505629347261454 -0.31795031034418153 0.1941682793375928
4163.456 1.1856900453567505 -0.7027347723590296 -0.008356396351949513 -1.5809615294085901 -1.268444840108053 5.992112710373476e-05 0.5153024792671204 0.38052311539649963 0.0001917476038215682 -0.00021571606339421123 -0.6421148180961609 0.0 -0.038255251689464684 -0.6108823994896624 0.3130875347456167 2.355049937776168 -0.31688711832935684 0.19091975171949138
4163.464 1.1897729635238647 -0.699655834828512 -0.008343998585836232 -1.5809972921954554 -1.2736766974078577 7.190534961409867e-05 0.5135384202003479 0.3798903524875641 0.0001917476038215682 -0.00021571606339421123 -0.619320809841156 0.0 -0.037296725229848275 -0.6112563834228097 0.3109840245249906 2.359487125790817 -0.31565214056497887 0.18775455586742942
4163.472 1.1939040422439575 -0.6966598669635218 -0.008343998585836232 -1.5809853712665003 -1.2785137335406702 7.190534961409867e-05 0.5106430649757385 0.37595951557159424 0.0001917476038215682 -0.00021571606339421123 -0.5832722783088684 0.0 -0.036194704667510964 -0.6116224884199845 0.30894818900869203 2.363821424230084 -0.3141090902066442 0.18502288846719572
4163.48 1.1981067657470703 -0.6935442129718226 -0.008356396351949513 -1.580949608479635 -1.283062760029928 4.793690095539205e-05 0.5114675760269165 0.3769374489784241 0.0001917476038215682 -0.00021571606339421123 -0.5522810220718384 0.0 -0.034975326964179 -0.6120090651276515 0.30686056891886 2.3682398939698777 -0.3123274531460468 0.1826653407525782
4163.487999999999 1.2021903991699219 -0.6905363241778772 -0.008356396351949513 -1.5809734503375452 -1.2872770468341272 4.793690095539205e-05 0.5119661092758179 0.37640053033828735 0.0001917476038215682 -0.00021571606339421123 -0.5040804743766785 0.0 -0.03373434086275817 -0.6123893179165757 0.30486539943416313 2.37243229087526 -0.3104760659480748 0.1805785314603143
4163.496 1.2062853574752808 -0.6875045935260218 -0.008356396351949513 -1.5810096899615687 -1.2910245100604456 5.992112710373476e-05 0.5119853019714355 0.37902748584747314 0.0001917476038215682 -0.00021571606339421123 -0.4725379943847656 0.0 -0.0323628171083137 -0.612786886157404 0.30288692252798916 2.3765575842392406 -0.30838064002653864 0.17903130010007515
4163.504 1.210404872894287 -0.6844843069659632 -0.008356396351949513 -1.5809734503375452 -1.2946279684649866 5.992112710373476e-05 0.5144396424293518 0.37720587849617004 0.0001917476038215682 -0.00021571606339421123 -0.43351736664772034 0.0 -0.03092979905202278 -0.6131708160290389 0.30090674803040723 2.3807186149722788 -0.3061664790504468 0.1776540738263833
4163.512 1.21448814868927 -0.681464974080221 -0.008356396351949513 -1.5810096899615687 -1.2979562918292444 7.190534961409867e-05 0.5132699608802795 0.37162601947784424 0.0001917476038215682 -0.00021571606339421123 -0.41503769159317017 0.0 -0.029446546008872573 -0.6135657293720731 0.29895969874953343 2.384757196268996 -0.3038323376231857 0.1765441543535809
4163.5199999999995 1.2185478210449219 -0.6784446875201624 -0.008308235798970998 -1.580949608479635 -1.3011286894427698 4.793690095539205e-05 0.5102978944778442 0.3722396194934845 0.0007430219557136297 -0.00021571606339421123 -0.3839985430240631 0.0 -0.02792756120782385 -0.6139438274783893 0.2969792832650292 2.388901901051282 -0.3014295885567824 0.17561303041664694
4163.528 1.222570776939392 -0.6754372755633753 -0.008308235798970998 -1.580949608479635 -1.3042290846454065 5.992112710373476e-05 0.5043728947639465 0.3781837821006775 0.0007430219557136297 -0.00021571606339421123 -0.36932986974716187 0.0 -0.02641030481954936 -0.6143207419518966 0.295043235218452 2.3929097450973957 -0.29901952715115343 0.17470665735970736
4163.536 1.2266063690185547 -0.6724408308612269 -0.008248154317037404 -1.580949608479635 -1.3071144262896937 7.190534961409867e-05 0.4956100285053253 0.37868234515190125 0.0007430219557136297 -0.00021571606339421123 -0.3326821029186249 0.0 -0.024824007571477694 -0.6146954542976051 0.29310142077292844 2.396929308729902 -0.2964857450028983 0.17405478694640733
4163.544 1.2305582761764526 -0.6694811026202601 -0.008236233388082326 -1.58093768755068 -1.3097007910357874 2.3968450477696024e-05 0.4875374436378479 0.3827473819255829 0.0007430219557136297 -0.00021571606339421123 -0.30547791719436646 0.0 -0.023204863114741764 -0.6150651292144504 0.2912135221322846 2.400823851566148 -0.29379727870855493 0.17365060538646773
4163.552 1.2344856262207031 -0.6664379278766077 -0.008200470601217091 -1.580925766621725 -1.3120110670672815 4.793690095539205e-05 0.47881293296813965 0.3795260190963745 0.0007430219557136297 -0.00021571606339421123 -0.26626551151275635 0.0 -0.021528293587009386 -0.6154466906834212 0.2892815804059895 2.4047609743468756 -0.2911083834317948 0.17361030442836228
4163.5599999999995 1.238305687904358 -0.6634176413165491 -0.008152310048238576 -1.580925766621725 -1.313998047505514 3.5952674807049334e-05 0.47175663709640503 0.3808874487876892 0.001749696908518672 -0.00021571606339421123 -0.22357770800590515 0.0 -0.019828581104809992 -0.6158279738878926 0.28737764875597727 2.4086104816836675 -0.2883297273762452 0.17386644687338487
4163.568 1.2420660257339478 -0.660313908253805 -0.008248154317037404 -1.5809014479266565 -1.3156259695636194 5.992112710373476e-05 0.46809425950050354 0.3827473819255829 0.001749696908518672 -0.00021571606339421123 -0.18400579690933228 0.0 -0.018071136806345634 -0.6162222195078919 0.28549456899259784 2.4123555791250886 -0.28547391941705186 0.17451467438387275
4163.576 1.2457661628723145 -0.6571982542621058 -0.008164230977193654 -1.5809014479266565 -1.3169787565814417 7.190534961409867e-05 0.4600600302219391 0.3849141299724579 0.001749696908518672 -0.00021571606339421123 -0.13877733051776886 0.0 -0.01627504135175939 -0.6166182935980211 0.2835523556822276 2.4162038774380146 -0.2825816675072027 0.17549369480545277
4163.584 1.2493468523025513 -0.6540945211993616 -0.008176628743306935 -1.5808895269977015 -1.3179248015033167 4.793690095539205e-05 0.44688695669174194 0.38165444135665894 0.001749696908518672 -0.00021571606339421123 -0.09644904732704163 0.0 -0.014441719155425593 -0.6170167437611234 0.28167330689794123 2.419882058389416 -0.27956220903644374 0.17684970044402168
4163.592 1.2528672218322754 -0.6509907881366175 -0.008188549672262013 -1.5808656851397913 -1.3185232321368616 4.793690095539205e-05 0.43572723865509033 0.3811558783054352 0.001701759989373386 -0.00021571606339421123 -0.06131129711866379 0.0 -0.012550021810327145 -0.6174157769509407 0.27980875966153873 2.423504917020344 -0.27647743775935923 0.17859915890247036
4163.599999999999 1.256256103515625 -0.6478870550738733 -0.00812846819032842 -1.5808537642108362 -1.3188465277301233 4.793690095539205e-05 0.421959787607193 0.3796602487564087 0.001390170189552009 -0.00021571606339421123 -0.03238137811422348 0.0 -0.010663407686298277 -0.6178133270486711 0.2779319065341178 2.4271176668432037 -0.2734323510709778 0.1806277243912908
4163.608 1.2595854997634888 -0.644867245350973 -0.008068386708394826 -1.5808537642108362 -1.318906609212057 3.5952674807049334e-05 0.40775126218795776 0.38428136706352234 0.0011984225129708648 -0.00021571606339421123 -0.010785803198814392 0.0 -0.008737945099348275 -0.6182011211502403 0.2761203475462716 2.430590488607048 -0.2702888080320291 0.18290512383720747
4163.616 1.2628190517425537 -0.6417754332171839 -0.008055988942281544 -1.5808289686786097 -1.3188703695880335 5.992112710373476e-05 0.39557531476020813 0.3820187449455261 0.0010546118719503284 -0.00021571606339421123 0.0014141385909169912 0.0 -0.006844447325972116 -0.618586552032273 0.2742835657883305 2.4340730042440835 -0.26726650923636563 0.18527710727793834
4163.624 1.2660161256790161 -0.6388157049762171 -0.008044068013326466 -1.5808289686786097 -1.318810764943258 2.3968450477696024e-05 0.3796218931674957 0.38094496726989746 0.0010546118719503284 0.0003834952076431364 0.0014141385909169912 0.0 -0.004959676422927661 -0.6189499367838135 0.27253090363674864 2.4374028155559464 -0.2641516923767964 0.18758154449210315
4163.632 1.2691059112548828 -0.6357720533954065 -0.00802022615541631 -1.5807932058917444 -1.318798844014303 4.793690095539205e-05 0.37534594535827637 0.3795260190963745 0.0010546118719503284 0.0003834952076431364 0.0014141385909169912 0.0 -0.0031511973754134396 -0.6193044497568947 0.27071208832920246 2.4408378063425116 -0.26128923845696245 0.18983553287987198
4163.639999999999 1.2721116542816162 -0.6327641646014612 -0.008008305226461232 -1.5807932058917444 -1.3188465277301233 4.793690095539205e-05 0.37580612301826477 0.38052311539649963 0.0010546118719503284 0.0003834952076431364 0.0014141385909169912 0.0 -0.0014070878442125623 -0.6196476846215083 0.26892294696698094 2.4441905740574374 -0.25849424833517975 0.19193768255111315
4163.648 1.2751294374465942 -0.6296361128436487 -0.007972542439595998 -1.580768887196676 -1.3188346068011683 7.190534961409867e-05 0.3740803897380829 0.38942021131515503 0.0020373184233903885 0.0003834952076431364 0.0014141385909169912 0.0 0.00036094569591778314 -0.6199919370422888 0.2670498285490705 2.4476909979813346 -0.25572557388816336 0.19416633200198494
4163.656 1.2779674530029297 -0.6265204588519495 -0.007948223744527638 -1.5807092825519007 -1.3188465277301233 7.190534961409867e-05 0.3621920347213745 0.3990459442138672 0.0020373184233903885 0.0003834952076431364 0.0014141385909169912 0.0 0.00201692547566671 -0.6203187009257196 0.26517826892444885 2.4511764417191286 -0.25315146675480876 0.19627171056920129
4163.664 1.2807698249816895 -0.623260800038473 -0.007948223744527638 -1.5806849638568323 -1.3188703695880335 4.793690095539205e-05 0.35266217589378357 0.4030151069164276 0.0020373184233903885 0.0016538230702280998 0.001270327833481133 0.0 0.003644736406268497 -0.6206565190627207 0.263237076213546 2.454738151348866 -0.25061186085168696 0.19835174039215545
4163.672 1.2835843563079834 -0.6200850645648401 -0.007912460957662404 -1.580649201069967 -1.3188827673541468 5.992112710373476e-05 0.34562504291534424 0.4034944772720337 0.0020373184233903885 0.0016538230702280998 0.0010785802733153105 0.0 0.005290318201919669 -0.6209726681217514 0.26132847764528705 2.4582626106362477 -0.2480779193600827 0.20044792758765625
4163.679999999999 1.2863507270812988 -0.6167772451983851 -0.007900540028707326 -1.5805652777301233 -1.3188346068011683 3.5952674807049334e-05 0.34113815426826477 0.40493258833885193 0.0023728767409920692 0.004338289611041546 0.0009587380336597562 0.0 0.006923224939500972 -0.621287985580777 0.25934235686140084 2.4619185887157333 -0.24556665597961844 0.20261649974077042
4163.688 1.2890925407409668 -0.6135423819171351 -0.007756535206929982 -1.5805047194110315 -1.3188584486590784 5.992112710373476e-05 0.3353857398033142 0.41448161005973816 0.006399576552212238 0.01131310872733593 0.0008628642535768449 0.0 0.00852828763002023 -0.6215821913144447 0.25734748978203664 2.4656116325698734 -0.2431764575969964 0.20470797830155885
4163.696 1.2917635440826416 -0.6102464834796351 -0.007636849080220998 -1.5803969542132776 -1.318810764943258 5.992112710373476e-05 0.33235612511634827 0.4219789505004883 0.01541171409189701 0.0076219672337174416 0.0007669904152862728 0.0 0.010111590690929845 -0.6218685047676777 0.2553184131447883 2.469362032738641 -0.2408272190017156 0.20686102521237976
4163.704 1.2944581508636475 -0.6068313757525843 -0.007480446492330373 -1.5803850332843226 -1.3188465277301233 3.5952674807049334e-05 0.3292689919471741 0.425698846578598 0.022122880443930626 0.006663229316473007 0.0006950850947760046 0.0 0.011684096303049531 -0.6221663198974643 0.2532194694692882 2.4731876798712307 -0.23846313662034246 0.2089191157366202
4163.7119999999995 1.2971047163009644 -0.6034753958331507 -0.007360760365621388 -1.5804088751422327 -1.3188346068011683 4.793690095539205e-05 0.32510805130004883 0.41937118768692017 0.02027731016278267 0.004458131734281778 0.0006471481756307185 0.0 0.01324240311926584 -0.6224565284634851 0.2511796875296759 2.4768713866220455 -0.2361392490554444 0.21098671780497932
4163.72 1.2997514009475708 -0.600072209035055 -0.007145229970113576 -1.5803850332843226 -1.3188226858722132 4.793690095539205e-05 0.325798362493515 0.4168017506599426 0.021499700844287872 0.0028762139845639467 0.0005992112564854324 0.0 0.014806332085884036 -0.6227292615908651 0.24906228184311652 2.4807355271736746 -0.2338424117982948 0.21309192274791838
4163.728 1.3022541999816895 -0.596741024647848 -0.006989781056539357 -1.5804088751422327 -1.318798844014303 8.388957940042019e-05 0.32815685868263245 0.4137338101863861 0.024951158091425896 0.0021092237439006567 0.0005512743955478072 0.0 0.01628624223938683 -0.622996915513122 0.2470216593538464 2.484402352121009 -0.2317077971630398 0.2151101226874392
4163.736 1.3047930002212524 -0.5933736006366175 -0.006725613270894826 -1.5803850332843226 -1.3188584486590784 5.992112710373476e-05 0.3243218958377838 0.41561293601989746 0.027180222794413567 0.0016777915880084038 0.0005033374764025211 0.0 0.017772654819724933 -0.6232422468395228 0.24490030851856978 2.488274278206854 -0.2295312716652562 0.21705804808894763
4163.744 1.3072961568832397 -0.5900662581073206 -0.006510082875387013 -1.5803363958941858 -1.3188346068011683 7.190534961409867e-05 0.3121459186077118 0.42075175046920776 0.024903221055865288 0.001390170189552009 0.0004793690168298781 0.0 0.01926384903091819 -0.6234728144308411 0.24283234534923465 2.4920457352010494 -0.22737883355731747 0.21907873066681427
4163.7519999999995 1.3097511529922485 -0.586710278187887 -0.006330315266744435 -1.5803607145892542 -1.3188226858722132 3.5952674807049334e-05 0.2988770008087158 0.4210393726825714 0.019054917618632317 0.0011744541116058826 0.00045540055725723505 0.0 0.020720229547632425 -0.6237110262097467 0.24076381191907817 2.495757576540987 -0.22520837683176495 0.2210211016569607
4163.76 1.312098503112793 -0.5832951704608362 -0.006270233784810841 -1.5803244749652308 -1.318810764943258 3.5952674807049334e-05 0.295693963766098 0.42932286858558655 0.01176850963383913 0.0010785802733153105 0.00043143212678842247 0.0 0.022112215777353592 -0.623942011308392 0.23869302221680377 2.4994497098682817 -0.22320962630639835 0.22292617334096018
4163.768 1.3145414590835571 -0.5799039045916956 -0.0061982313739221695 -1.5802643934832972 -1.3188346068011683 7.190534961409867e-05 0.29381483793258667 0.4341357350349426 0.004793690051883459 0.0010785802733153105 0.0004074636672157794 0.0 0.02355925588450923 -0.6241532923034047 0.23662363663007735 2.5031728497384997 -0.22114717126796266 0.22483579271864515
4163.776 1.3169008493423462 -0.5764644781695765 -0.006258312855855763 -1.580252472554342 -1.318810764943258 5.992112710373476e-05 0.29191654920578003 0.43396317958831787 0.002996056340634823 0.0010785802733153105 0.0003834952076431364 0.0 0.02496460365217832 -0.6243758838173468 0.23458973817958273 2.5067527224265693 -0.21906852343665906 0.22670891905488674
4163.784 1.3192123174667358 -0.573000733052389 -0.0061982313739221695 -1.5802643934832972 -1.3188584486590784 3.5952674807049334e-05 0.2880815863609314 0.4311061203479767 0.002181129064410925 0.0032117723021656275 0.00035952674807049334 0.0 0.02632444271226249 -0.6245876555595756 0.23249404224244127 2.5104513572315232 -0.21708761767057005 0.2284924359375026
4163.7919999999995 1.3214998245239258 -0.5696213881122034 -0.006210152302877248 -1.5802767912494105 -1.3188226858722132 8.388957940042019e-05 0.28664350509643555 0.4275588095188141 0.0017257285071536899 0.0032117723021656275 0.00035952674807049334 0.0 0.027694636138555044 -0.6247896816155999 0.2304811185841295 2.5139805474154437 -0.2151462336380947 0.23035139140231878
4163.8 1.3237988948822021 -0.5661700407611292 -0.006210152302877248 -1.5802281538592737 -1.318798844014303 7.190534961409867e-05 0.2834796607494354 0.4275588095188141 0.0014141385909169912 0.0027563718613237143 0.00033555831760168076 0.0 0.02907304985123526 -0.6249760854613249 0.2284057065897422 2.517654045567625 -0.21315009900862011 0.23220610415781862
4163.808 1.3260867595672607 -0.5626829306231897 -0.0061982313739221695 -1.5802887121783655 -1.318810764943258 4.793690095539205e-05 0.2813704311847687 0.4316622018814087 0.0011984225129708648 0.0020373184233903885 0.0003115898580290377 0.0 0.030432784682390204 -0.625171958583444 0.22632463115387227 2.5212742286975747 -0.21114509999803688 0.2339835810911348
4163.816 1.3283019065856934 -0.5591953436480921 -0.0061982313739221695 -1.5802400747882288 -1.3188346068011683 5.992112710373476e-05 0.2729143500328064 0.43275517225265503 0.0010306433541700244 0.0016298546688631177 0.0003115898580290377 0.0 0.03175109557909786 -0.6253423050910475 0.22422300554055824 2.524975779451066 -0.20929927806583862 0.23574895743093244
4163.824 1.3304100036621094 -0.5556839148150843 -0.006210152302877248 -1.5802281538592737 -1.3188346068011683 5.992112710373476e-05 0.26555126905441284 0.4331386685371399 0.0009347695740871131 0.001342233270406723 0.00028762139845639467 0.0 0.033009219692354784 -0.6255153378880426 0.22212012654021981 2.528633657169218 -0.20755096764178288 0.23748359962769086
4163.831999999999 1.3324462175369263 -0.5521367231952112 -0.006150070820943654 -1.5801923910724085 -1.3188226858722132 3.5952674807049334e-05 0.25698015093803406 0.4420549273490906 0.0009347695740871131 0.0011504855938255787 0.00028762139845639467 0.0 0.0342296343894165 -0.6256755647392844 0.2199623026244103 2.532404194551433 -0.20588512308177395 0.2392221976774702
4163.84 1.3344221115112305 -0.5485776106463831 -0.006138149891988576 -1.5801804701434534 -1.3188346068011683 3.5952674807049334e-05 0.24545609951019287 0.4483250677585602 0.0009347695740871131 0.0011265171924605966 0.0002636529679875821 0.0 0.03540673171216327 -0.625835096210631 0.21781909980648906 2.5361116120582405 -0.20431414365165743 0.24089446138507584
4163.848 1.336374044418335 -0.5450542608844202 -0.006138149891988576 -1.5800965468036097 -1.3188346068011683 9.58738019107841e-05 0.23676994442939758 0.4483250677585602 0.0033316146582365036 0.00512924836948514 0.0002636529679875821 0.0 0.036577805753363335 -0.6259723855285602 0.21568674035730778 2.539834310387172 -0.20284499855557278 0.24259517232892208
4163.856 1.3382904529571533 -0.5415547529803675 -0.006101910267965138 -1.580047909413473 -1.3188226858722132 4.793690095539205e-05 0.23084494471549988 0.4419015347957611 0.0033316146582365036 0.00800546258687973 0.0002636529679875821 0.0 0.03773165780885869 -0.6261040875540504 0.21356191710309438 2.543532915966752 -0.20126726040247572 0.24424297494820918
4163.864 1.340134859085083 -0.5380914847003382 -0.006113831196920216 -1.5799277464496058 -1.318810764943258 7.190534961409867e-05 0.2267031967639923 0.4367626905441284 0.002996056340634823 0.009851032868027687 0.00023968450841493905 0.0 0.03884541330273101 -0.6262178236534327 0.2114620686433943 2.5472054846553376 -0.19986342638779925 0.245881166666434
4163.871999999999 1.3419913053512573 -0.5346406141864222 -0.006161991749898732 -1.579831902180807 -1.3188346068011683 9.58738019107841e-05 0.23249396681785583 0.4287859797477722 0.002181129064410925 0.014980281703174114 0.00023968450841493905 0.0 0.03995813796019934 -0.6263269738562475 0.20938627483787392 2.5508175444658745 -0.19843455877867006 0.24745402886522588
4163.88 1.3437877893447876 -0.5312007109271448 -0.006126228963033498 -1.5797236601458948 -1.3188465277301233 4.793690095539205e-05 0.23533183336257935 0.4194670617580414 0.0017257285071536899 0.012343752197921276 0.00023968450841493905 0.0 0.041040632464838224 -0.6264215549481256 0.2072817636468481 2.554502472823136 -0.19700098196803448 0.24900687998286614
4163.888 1.3456202745437622 -0.5278571287738245 -0.006126228963033498 -1.5796516577350062 -1.3188346068011683 3.5952674807049334e-05 0.2340087741613388 0.4071376919746399 0.0014141385909169912 0.01164866704493761 0.00021571606339421123 0.0 0.04215312302382384 -0.6265098835918687 0.20525756544987456 2.5580285062005483 -0.19551122611140903 0.2505695059526132
4163.896 1.3474886417388916 -0.5245617071734827 -0.00608998933901006 -1.579531494771139 -1.3188465277301233 7.190534961409867e-05 0.22961775958538055 0.39716681838035583 0.0011984225129708648 0.01589108258485794 0.00021571606339421123 0.0 0.04328695904611661 -0.6265741275244122 0.20323628899639018 2.561597569400469 -0.19404958644233591 0.2521364156570242
4163.9039999999995 1.3493331670761108 -0.5214098135577601 -0.006126228963033498 -1.579339329396383 -1.3188346068011683 7.190534961409867e-05 0.22538013756275177 0.40044569969177246 0.0010306433541700244 0.016226641833782196 0.00021571606339421123 0.0 0.044417190992582414 -0.6266168525365611 0.20131579248309237 2.565024068739496 -0.19252158628236454 0.2536690888238089
4163.912 1.3511292934417725 -0.5182102362262171 -0.00608998933901006 -1.5791948477374476 -1.318810764943258 7.190534961409867e-05 0.22338595986366272 0.4031301736831665 0.0009347695740871131 0.0207566786557436 0.00021571606339421123 0.0 0.04552071251726298 -0.6266594336371204 0.19934856697320436 2.5685100662595617 -0.19106423770845474 0.2552111554964329
4163.92 1.352901816368103 -0.5150583426104944 -0.006042305623189748 -1.5790393988238733 -1.3188346068011683 0.000107858024421148 0.22198620438575745 0.39578622579574585 0.0009347695740871131 0.017664747312664986 0.0001917476038215682 0.0 0.04659977955775965 -0.6266889298621315 0.19740020560465207 2.571976024234113 -0.18968971233718382 0.2566847058171921
4163.928 1.3546503782272339 -0.5119546095477503 -0.006078068410054982 -1.5789788405047815 -1.3188226858722132 7.190534961409867e-05 0.21901410818099976 0.38303500413894653 0.0009347695740871131 0.012942963279783726 0.0001917476038215682 0.0 0.047669994516454345 -0.6267334064346881 0.1955346365664362 2.575219529460338 -0.1881797178120378 0.25810713231268456
4163.936 1.3563154935836792 -0.5089228788958948 -0.006078068410054982 -1.5788944403277796 -1.3188346068011683 8.388957940042019e-05 0.21266727149486542 0.3717602491378784 0.0009347695740871131 0.008412926457822323 0.0001917476038215682 0.0 0.04868544239036722 -0.626764050192614 0.19369183495447925 2.5784412908071497 -0.1868394999952866 0.259477601002938
4163.9439999999995 1.3580400943756104 -0.5059626738177698 -0.006078068410054982 -1.5788825193988245 -1.3188226858722132 8.388957940042019e-05 0.20290730893611908 0.36692821979522705 0.0009347695740871131 0.0049614692106842995 0.0001917476038215682 0.0 0.04974360690358363 -0.6267953080239395 0.1919079778532998 2.5815320433457916 -0.18535907373665347 0.260855896538632
4163.952 1.3596687316894531 -0.5030143896685999 -0.006078068410054982 -1.5788705984698694 -1.318798844014303 9.58738019107841e-05 0.19633036851882935 0.3593350052833557 0.0009347695740871131 0.0049614692106842995 0.00016777915880084038 0.0 0.05074619480662977 -0.626824291207773 0.19013167661501254 2.5845943524854906 -0.18400622980811357 0.26221097831517926
4163.96 1.361285924911499 -0.5002101103412073 -0.006101910267965138 -1.5788705984698694 -1.3188226858722132 7.190534961409867e-05 0.19554419815540314 0.34710150957107544 0.0009347695740871131 0.003906857687979937 0.00016777915880084038 0.0 0.051730683190829976 -0.6268450544730257 0.1884506265230688 2.587493697223018 -0.1825903893237285 0.26343888969224594
4163.968 1.362830400466919 -0.49745351472963506 -0.00608998933901006 -1.5788825193988245 -1.318810764943258 8.388957940042019e-05 0.19732746481895447 0.3259517550468445 0.0009347695740871131 0.002636529505252838 0.00016777915880084038 0.0 0.05268065706022198 -0.6268619239123095 0.18678865462200353 2.590352061189649 -0.18129238499897307 0.26468944092167757
4163.976 1.3643755912780762 -0.4949129263507288 -0.006054226552144826 -1.5788944403277796 -1.318810764943258 7.190534961409867e-05 0.19504566490650177 0.3117816150188446 0.0009347695740871131 0.0019893813878297806 0.00016777915880084038 0.0 0.05363104275396885 -0.6268636322043339 0.18524658523735277 2.5930308209072197 -0.17991543058567797 0.26586542855164247
4163.9839999999995 1.3658968210220337 -0.4923961798297327 -0.006054226552144826 -1.5788586775409144 -1.318798844014303 5.992112710373476e-05 0.1870306134223938 0.30217504501342773 0.0008868326549418271 0.0015819177497178316 0.00016777915880084038 0.0 0.05457179053233831 -0.6268550805754775 0.18372368152289034 2.5956926210516555 -0.1785587082849035 0.2670413383134982
4163.992 1.3673701286315918 -0.49002296129335576 -0.006054226552144826 -1.5788705984698694 -1.3188226858722132 8.388957940042019e-05 0.18194930255413055 0.2987044155597687 0.0007909588748589158 0.001318264752626419 0.00016777915880084038 0.0 0.055473110957973165 -0.6268477693602033 0.18229452037136276 2.5981706895037564 -0.17727361490153334 0.26811683822656807
4164.0 1.3688430786132812 -0.48773414293398076 -0.006113831196920216 -1.5788705984698694 -1.318798844014303 7.190534961409867e-05 0.17799930274486542 0.28800490498542786 0.0007190534961409867 0.0011265171924605966 0.00014381069922819734 0.0 0.056387306271480815 -0.6268372291628971 0.18093963686516062 2.6005154379403264 -0.17589013044149254 0.26920578698718317
4164.008 1.3703163862228394 -0.48550540605653936 -0.006066147481099904 -1.5788705984698694 -1.318810764943258 2.3968450477696024e-05 0.17378085851669312 0.2656087875366211 0.0006471481756307185 0.0009827064350247383 0.00014381069922819734 0.0 0.05729542189639735 -0.6268109288909826 0.17957706857913083 2.6029124145241815 -0.17447987419726738 0.27024376446275744
4164.016 1.3716938495635986 -0.48350364366640264 -0.006113831196920216 -1.5788586775409144 -1.318810764943258 8.388957940042019e-05 0.1715373992919922 0.24672164022922516 0.0005992112564854324 0.0008868326549418271 0.00014381069922819734 0.0 0.058147136548658565 -0.6267862193876783 0.17838648763599327 2.6049947557433972 -0.17325236357226442 0.27122389766771143
4164.023999999999 1.3729989528656006 -0.48155051866640264 -0.006066147481099904 -1.5788705984698694 -1.3188226858722132 8.388957940042019e-05 0.17222769558429718 0.22988620400428772 0.0005512743955478072 0.0007909588748589158 0.00014381069922819734 0.0 0.058952031855305446 -0.6267570545736155 0.1771922186770096 2.60709120723598 -0.1720475859209483 0.27214445529519565
4164.032 1.3743404150009155 -0.4797404448138636 -0.006042305623189748 -1.5788586775409144 -1.3187864462481897 2.3968450477696024e-05 0.16929395496845245 0.22175610065460205 0.0005273059359751642 0.0007190534961409867 0.00014381069922819734 0.0 0.05979394497866217 -0.6267175509187582 0.176091512661829 2.6090494696806283 -0.1706631934454701 0.27308258234674715
4164.04 1.3756459951400757 -0.4779909292804163 -0.006054226552144826 -1.5788705984698694 -1.318810764943258 5.992112710373476e-05 0.16152818500995636 0.21834298968315125 0.0004793690168298781 0.0006711166352033615 0.00014381069922819734 0.0 0.06059665020612222 -0.6266822020716897 0.17504215729972686 2.6108967219459984 -0.1694409806347528 0.27393209037874927
4164.048 1.376963496208191 -0.47630149522890264 -0.00608998933901006 -1.5788825193988245 -1.3188226858722132 7.190534961409867e-05 0.16233351826667786 0.20597527921199799 0.00045540055725723505 0.0005992112564854324 0.00014381069922819734 0.0 0.061410250614976326 -0.6266443386905303 0.1740389171295309 2.61266393347939 -0.16814532390240028 0.274771188263252
4164.056 1.378269076347351 -0.47477943101991826 -0.00608998933901006 -1.5789430777179163 -1.3187864462481897 8.388957940042019e-05 0.16120220720767975 0.18175755441188812 0.00043143212678842247 0.0005752427969127893 0.00014381069922819734 0.0 0.06222889917954023 -0.6266078026996152 0.17313523950011045 2.61424872519194 -0.16680320892907763 0.2756240899907758
4164.063999999999 1.3795026540756226 -0.4733532110797327 -0.006113831196920216 -1.5788944403277796 -1.318810764943258 4.793690095539205e-05 0.15939977765083313 0.16275537014007568 0.0004074636672157794 0.0005273059359751642 0.00011984225420746952 0.0 0.06299081450763286 -0.6265521782738199 0.1722732635779956 2.6158241166808627 -0.16550779209089972 0.27635164098019693
4164.072 1.3807603120803833 -0.47205859819521123 -0.006126228963033498 -1.5789068380938929 -1.318810764943258 9.58738019107841e-05 0.15694540739059448 0.1522475928068161 0.0003834952076431364 0.0005033374764025211 0.00011984225420746952 0.0 0.06377287071446996 -0.6265011739186901 0.17149972778162031 2.6172245401174505 -0.16423777775954124 0.27710406212496125
4164.08 1.3820418119430542 -0.4708364645587366 -0.006054226552144826 -1.5789068380938929 -1.318810764943258 8.388957940042019e-05 0.155315563082695 0.1526886224746704 0.00035952674807049334 0.00045540055725723505 0.00011984225420746952 0.0 0.0645723280686379 -0.6264353747612628 0.17073482923311487 2.618652427744765 -0.16286172398886758 0.2778478558918856
4164.088 1.3832634687423706 -0.46959001222719365 -0.006066147481099904 -1.5788825193988245 -1.318798844014303 4.793690095539205e-05 0.15159565210342407 0.1520175039768219 0.00035952674807049334 0.00043143212678842247 0.00011984225420746952 0.0 0.0653367535415566 -0.6263752322947771 0.16998359257190393 2.6200354691305825 -0.16151848053977585 0.27856817548448465
4164.096 1.3844730854034424 -0.4683793226825159 -0.006066147481099904 -1.5789192358600062 -1.3187864462481897 8.388957940042019e-05 0.15036846697330475 0.14731968939304352 0.00033555831760168076 0.0004074636672157794 0.00011984225420746952 0.0 0.06609203819228227 -0.6263238072657191 0.16926132845471356 2.621334458482131 -0.16026396816658917 0.2792884982769845
4164.103999999999 1.3856468200683594 -0.46722919145693 -0.00608998933901006 -1.5789669195758265 -1.3187864462481897 7.190534961409867e-05 0.14593909680843353 0.13360972702503204 0.00033555831760168076 0.00028762139845639467 0.00011984225420746952 0.0 0.06682110084077184 -0.6262760868103758 0.1685861490010703 2.6225394961303077 -0.15897360127497953 0.2799400211207144
4164.112 1.3867849111557007 -0.4661620298968714 -0.00608998933901006 -1.5789549986468714 -1.318798844014303 5.992112710373476e-05 0.1400332748889923 0.1241949200630188 0.0003115898580290377 0.00028762139845639467 0.00011984225420746952 0.0 0.06752754671630347 -0.6262142510634854 0.16793933280872042 2.623741741677185 -0.15773224908310843 0.2805617101509035
4164.12 1.3878867626190186 -0.4652035872088831 -0.006113831196920216 -1.5789669195758265 -1.3187745253192347 8.388957940042019e-05 0.13750220835208893 0.12162550538778305 0.00028762139845639467 0.00028762139845639467 0.00011984225420746952 0.0 0.06822001946353051 -0.6261590674980771 0.16737418823036512 2.6247820185781188 -0.15653507096338368 0.28119385239494055
4164.128 1.388952612876892 -0.46422130266298467 -0.006029907857076466 -1.5789788405047815 -1.3187745253192347 7.190534961409867e-05 0.13036920130252838 0.1150677353143692 0.00028762139845639467 0.00028762139845639467 0.00011984225420746952 0.0 0.06888558129245904 -0.6260949917742192 0.16675160526609026 2.625947183992511 -0.15537559955872154 0.2817987641219034
4164.1359999999995 1.3900068998336792 -0.46338206926454717 -0.006101910267965138 -1.5790393988238733 -1.318798844014303 9.58738019107841e-05 0.12356215715408325 0.10494346171617508 0.00028762139845639467 0.00028762139845639467 0.00011984225420746952 0.0 0.06953339982039426 -0.6260517930113987 0.1662834507798389 2.6267821761631707 -0.15420443988018542 0.28229899068348774
4164.144 1.391000747680664 -0.46249515215028936 -0.00608998933901006 -1.579015080128805 -1.3187864462481897 7.190534961409867e-05 0.11562380194664001 0.09539443254470825 0.0002636529679875821 0.00028762139845639467 0.00011984225420746952 0.0 0.0701574268293791 -0.6259890812450999 0.16573979906473701 2.6278087901853926 -0.1530862987268745 0.2828589904951709
4164.152 1.3919352293014526 -0.46177608171571904 -0.006078068410054982 -1.5790632406817835 -1.318798844014303 7.190534961409867e-05 0.11656336486339569 0.08296918869018555 0.0002636529679875821 0.00028762139845639467 0.00011984225420746952 0.0 0.07073575836453881 -0.6259406248513686 0.16531004428655646 2.628600943103355 -0.15202862778729262 0.2833184783849377
4164.16 1.3928332328796387 -0.4610813299762171 -0.006113831196920216 -1.5790870825396937 -1.3188226858722132 8.388957940042019e-05 0.11527866125106812 0.08080244064331055 0.00023968450841493905 -0.0011265171924605966 9.58738019107841e-05 0.0 0.07128831361237041 -0.6258933513805016 0.16490787115146405 2.62934392277149 -0.15102653724173398 0.28374293593735195
4164.168 1.3936957120895386 -0.4604695479022425 -0.00608998933901006 -1.5791352430926722 -1.318810764943258 3.5952674807049334e-05 0.10505851358175278 0.08206797391176224 0.00023968450841493905 -0.0011265171924605966 9.58738019107841e-05 0.0 0.07182847470713977 -0.6258463480563412 0.1645397034377932 2.630029739486935 -0.14996800586703316 0.2841702834713481
4164.1759999999995 1.3944504261016846 -0.45981055894960576 -0.006101910267965138 -1.5791948477374476 -1.3187745253192347 9.58738019107841e-05 0.09401384741067886 0.07863569259643555 0.00023968450841493905 -0.003906857687979937 9.58738019107841e-05 0.0 0.07230640616790784 -0.6258129413751686 0.16416053288452023 2.630694796954636 -0.14918475169704637 0.2846290388577782
4164.184 1.395205020904541 -0.4591758886920374 -0.006101910267965138 -1.5792792479144495 -1.318798844014303 5.992112710373476e-05 0.07907671481370926 0.07167525589466095 0.00021571606339421123 -0.01071389764547348 9.58738019107841e-05 0.0 0.07276787829171322 -0.6257813593443476 0.16379255246074445 2.6313352943540713 -0.14828633026833557 0.28496681627458953
4164.192 1.3958277702331543 -0.4586246649371546 -0.006078068410054982 -1.5794113318072718 -1.3187626043902796 8.388957940042019e-05 0.06471481919288635 0.06667064130306244 0.00021571606339421123 -0.012942963279783726 9.58738019107841e-05 0.0 0.07316172103205905 -0.6257655755373873 0.1634787039980972 2.6318427596820255 -0.14759434785396036 0.2853348859840651
4164.2 1.3963667154312134 -0.4581087271319788 -0.006126228963033498 -1.5794833342181605 -1.3187626043902796 8.388957940042019e-05 0.057562630623579025 0.06208787485957146 0.00021571606339421123 -0.011840414255857468 9.58738019107841e-05 0.0 0.07349448411665943 -0.6257501022093223 0.16319994016271092 2.632299408435236 -0.14698131768234482 0.28560772401450335
4164.208 1.3968337774276733 -0.45758134523500615 -0.00608998933901006 -1.5795915762530726 -1.3187506834613245 8.388957940042019e-05 0.05282646417617798 0.06203034892678261 0.00021571606339421123 -0.011408982798457146 9.58738019107841e-05 0.0 0.07378570107589147 -0.6257387287704792 0.1628895315466736 2.632800480015346 -0.14647225852976486 0.28588519185905853
4164.215999999999 1.397204875946045 -0.45709020296205694 -0.006066147481099904 -1.5797117392169397 -1.3187745253192347 8.388957940042019e-05 0.04502233862876892 0.06011287495493889 0.0001917476038215682 -0.011217234656214714 9.58738019107841e-05 0.0 0.07400699207755135 -0.6257367457128382 0.16260587574215682 2.633236070694352 -0.1460868113970751 0.28606929073032833
4164.224 1.3974685668945312 -0.4565985838519495 -0.00608998933901006 -1.579843823109762 -1.318798844014303 8.388957940042019e-05 0.035243209451436996 0.05727500841021538 0.0001917476038215682 -0.017113473266363144 9.58738019107841e-05 0.0 0.07415970436081668 -0.6257493727469045 0.16234255686720075 2.6335995541912802 -0.1458288947938317 0.2862028788284936
4164.232 1.397732138633728 -0.45617992082704717 -0.006101910267965138 -1.5800240675555628 -1.3187745253192347 5.992112710373476e-05 0.02557913027703762 0.055395882576704025 0.0001917476038215682 -0.027467845007777214 9.58738019107841e-05 0.0 0.074323833534752 -0.6257698299582707 0.1621309919239098 2.6338497470955313 -0.14549795073533467 0.28636745283738824
4164.24 1.3978996276855469 -0.4557126204120081 -0.006066147481099904 -1.5803006331073206 -1.3187864462481897 5.992112710373476e-05 0.017717478796839714 0.05158010497689247 0.0001917476038215682 -0.037774279713630676 9.58738019107841e-05 0.0 0.07441590332135067 -0.6258110409072967 0.16188818437430583 2.634092411954381 -0.14533735802273942 0.28646016646381234
4164.248 1.3980433940887451 -0.45523244539369756 -0.006066147481099904 -1.580637280141012 -1.3187626043902796 8.388957940042019e-05 0.012386894784867764 0.05506991222500801 0.0001917476038215682 -0.04422179237008095 9.58738019107841e-05 0.0 0.07449980802163977 -0.6258694171125839 0.1616651975995968 2.6342456764815028 -0.14520895748591472 0.286581222006204
4164.255999999999 1.3980793952941895 -0.4548252264605921 -0.00608998933901006 -1.5810216108905237 -1.3187864462481897 7.190534961409867e-05 0.006960438098758459 0.060937389731407166 0.00016777915880084038 -0.0535694882273674 9.58738019107841e-05 0.0 0.07450190886436954 -0.6259457650901529 0.16150174017582494 2.6342535989521667 -0.14515705133929 0.2865584642991508
4164.264 1.3981033563613892 -0.45433360735048467 -0.006101910267965138 -1.5815141836749476 -1.318798844014303 7.190534961409867e-05 0.003719903528690338 0.06059224158525467 0.00016777915880084038 -0.06097573786973953 9.58738019107841e-05 0.0 0.07449588855064779 -0.6260433482597786 0.16130442511474202 2.6342461435958797 -0.14513106984031596 0.286548204413398
4164.272 1.3980673551559448 -0.4538305441485804 -0.006078068410054982 -1.5820911566363733 -1.3187745253192347 4.793690095539205e-05 0.0020133499056100845 0.05926918238401413 0.00016777915880084038 -0.07794540375471115 9.58738019107841e-05 0.0 0.07445973441138576 -0.6261585300457471 0.16110502145070366 2.6341877602590045 -0.1451317759238254 0.2865495239456331
4164.28 1.3980433940887451 -0.45333940187563115 -0.00608998933901006 -1.5827515761004847 -1.3187626043902796 5.992112710373476e-05 0.00138058268930763 0.06072646751999855 0.00016777915880084038 -0.09433982521295547 9.58738019107841e-05 0.0 0.07442443313832109 -0.6262917858626215 0.16094199922920674 2.6340076500435026 -0.14513846230290267 0.2865212629369255
4164.288 1.3980793952941895 -0.45284778276552373 -0.006066147481099904 -1.583581272755758 -1.3187626043902796 5.992112710373476e-05 0.0010546118719503284 0.06509830802679062 0.00016777915880084038 -0.10584467649459839 9.58738019107841e-05 0.0 0.07441852546840216 -0.6264490820066728 0.16079704010988272 2.633710778913428 -0.14502459862056796 0.28646377851061755
4164.295999999999 1.3980194330215454 -0.45228463808168584 -0.006113831196920216 -1.5844581762896937 -1.3187745253192347 5.992112710373476e-05 0.0008436894277110696 0.07016044855117798 0.00016777915880084038 -0.1209448054432869 7.190534961409867e-05 0.0 0.07434636608476541 -0.6266297553205897 0.1606448370990533 2.6333568790559574 -0.14503047043629727 0.2863475701729039
4164.304 1.3980433940887451 -0.4517329374896448 -0.006113831196920216 -1.5854914824115198 -1.3187626043902796 7.190534961409867e-05 0.0007094661123119295 0.06780195236206055 0.00014381069922819734 -0.14901186525821686 7.190534961409867e-05 0.0 0.07432866832920679 -0.626829408802955 0.1605130179309491 2.632895583740711 -0.14490697471394548 0.28626823013600594
4164.312 1.3980553150177002 -0.45115787187685186 -0.006029907857076466 -1.586825195943014 -1.3187626043902796 7.190534961409867e-05 0.0006135923322290182 0.0682046189904213 0.00014381069922819734 -0.1818006932735443 7.190534961409867e-05 0.0 0.07429170987998353 -0.6270787979179226 0.1603924209247053 2.6322494535518137 -0.14474428055188274 0.28612197804846184
4164.32 1.3980793952941895 -0.4506428877459925 -0.006078068410054982 -1.588351074849264 -1.318798844014303 7.190534961409867e-05 0.0005368932615965605 0.0753759816288948 0.00014381069922819734 -0.21995846927165985 7.190534961409867e-05 0.0 0.07424414506847223 -0.6273753417990106 0.16039441295824264 2.6312432705051347 -0.14449017897802158 0.285845807213573
4164.3279999999995 1.3980553150177002 -0.44999534288515264 -0.006066147481099904 -1.590201203023092 -1.3187864462481897 8.388957940042019e-05 0.0004793690168298781 0.08540438115596771 0.00014381069922819734 -0.2569657564163208 7.190534961409867e-05 0.0 0.07416910645591906 -0.6277326022975478 0.16035932521391943 2.6300949842486565 -0.14427058123864114 0.28559203636735847
4164.336 1.3980553150177002 -0.44932443300356084 -0.006101910267965138 -1.5924361387835901 -1.3187864462481897 3.5952674807049334e-05 0.0004218447138555348 0.09184709936380386 0.00014381069922819734 -0.2907852530479431 7.190534961409867e-05 0.0 0.07409215789381281 -0.6281651343002519 0.16040313246736393 2.6285601192876276 -0.14385251219815712 0.28521807096042257
4164.344 1.3980793952941895 -0.4485815207110804 -0.006101910267965138 -1.5948761145221155 -1.318810764943258 5.992112710373476e-05 0.0003834952076431364 0.09433981776237488 0.00014381069922819734 -0.33855435252189636 7.190534961409867e-05 0.0 0.07401774152199253 -0.6286308050157648 0.1604284863879716 2.6269395044429755 -0.14348491703737204 0.28482353646910197
4164.352 1.3980793952941895 -0.44781428972353154 -0.006101910267965138 -1.5977352301227015 -1.318810764943258 4.793690095539205e-05 0.0003451456723269075 0.09838569164276123 0.00014381069922819734 -0.3877136707305908 7.190534961409867e-05 0.0 0.07392061222890584 -0.6291770872028594 0.1605232045300185 2.6249324312137405 -0.1430049591332538 0.28435213187341735
4164.36 1.3980673551559448 -0.4469874540912073 -0.006101910267965138 -1.6010521093951624 -1.3187626043902796 5.992112710373476e-05 0.00032597093377262354 0.10193302482366562 0.00014381069922819734 -0.43780770897865295 7.190534961409867e-05 0.0 0.0738132856858746 -0.6298104545833374 0.1606753470137745 2.6225330856632616 -0.14246735083873646 0.28385900122195945
4164.3679999999995 1.3981033563613892 -0.4461725393878382 -0.006054226552144826 -1.6047166029559534 -1.318798844014303 1.1984225238848012e-05 0.0003067961661145091 0.10632404685020447 0.00011984225420746952 -0.485768586397171 7.190534961409867e-05 0.0 0.0737036844433282 -0.6304982563738192 0.16088064373050007 2.6198563130291315 -0.1417472821798664 0.2831820325517915
4164.376 1.3981273174285889 -0.44528514543642217 -0.006054226552144826 -1.608849827443258 -1.3187864462481897 5.992112710373476e-05 0.00028762139845639467 0.11850001662969589 0.00011984225420746952 -0.5339211821556091 7.190534961409867e-05 0.0 0.07358300209983051 -0.6312786079874955 0.16115735831851852 2.6167431085264066 -0.14105404068050104 0.2824990168718424
4164.384 1.3981152772903442 -0.44429093996156865 -0.006054226552144826 -1.6133320967303675 -1.3187864462481897 4.793690095539205e-05 0.00026844663079828024 0.1288543939590454 0.00011984225420746952 -0.58427894115448 7.190534961409867e-05 0.0 0.07342499060833269 -0.6321250944832444 0.161439264399246 2.613394284499639 -0.14028087089827881 0.28171313748130994
4164.392 1.3981871604919434 -0.44329625764955694 -0.006042305623189748 -1.6181862990008753 -1.3187745253192347 7.190534961409867e-05 0.00024927189224399626 0.1351437121629715 0.00011984225420746952 -0.6334861516952515 7.190534961409867e-05 0.0 0.07331160716225739 -0.6330306916179634 0.16179310794454071 2.609709884620666 -0.13936204667418767 0.28090537724217224
4164.4 1.398199200630188 -0.44221717516054326 -0.006101910267965138 -1.6233652273761194 -1.3187626043902796 5.992112710373476e-05 0.00024927189224399626 0.140282541513443 0.00011984225420746952 -0.6866481900215149 7.190534961409867e-05 0.0 0.07314886083734323 -0.6340048673375469 0.16219084199184594 2.6057174989642515 -0.13840625062951947 0.27999535379143353
4164.407999999999 1.398211121559143 -0.4410794417010706 -0.006078068410054982 -1.6290605703936976 -1.3187864462481897 4.793690095539205e-05 0.0034322820138186216 0.1474539041519165 0.00011984225420746952 -0.7388274669647217 7.190534961409867e-05 0.0 0.07296179916374665 -0.6350625963084562 0.1626243927695952 2.6013715816987824 -0.1373819193447565 0.2789567005863966
4164.416 1.3981631994247437 -0.4398563543902796 -0.006066147481099904 -1.6352489630328577 -1.3187864462481897 8.388957940042019e-05 0.0024351945612579584 0.15650439262390137 0.00011984225420746952 -0.7984849810600281 7.190534961409867e-05 0.0 0.07272726228009066 -0.6362125521269031 0.1631146717492798 2.596610057476347 -0.13639831522664905 0.27785267824798415
4164.424 1.3982350826263428 -0.43853885332216436 -0.006113831196920216 -1.6418936888324183 -1.3187745253192347 9.58738019107841e-05 0.0015723303658887744 0.16417430341243744 0.00011984225420746952 -0.8526536822319031 7.190534961409867e-05 0.0 0.07255699074682087 -0.6374378972499198 0.16366785059315492 2.591457595002774 -0.13513315010076463 0.27670652724683403
4164.432 1.398199200630188 -0.43719607988466436 -0.006066147481099904 -1.6488989035235804 -1.3187745253192347 5.992112710373476e-05 0.0011504855938255787 0.17303304374217987 0.00011984225420746952 -0.9046891927719116 7.190534961409867e-05 0.0 0.0723059922872418 -0.6387213035451627 0.1642453932084292 2.58606154225049 -0.13389901969372103 0.2754370646153096
4164.44 1.3981871604919434 -0.43580609956850225 -0.006066147481099904 -1.6561320463763636 -1.3187506834613245 4.793690095539205e-05 0.0009203884983435273 0.17679129540920258 0.00011984225420746952 -0.9568445086479187 7.190534961409867e-05 0.0 0.07206935410353967 -0.6400418844837175 0.16486622050649521 2.580444679512413 -0.13260892339977076 0.2741665726148864
4164.447999999999 1.3982231616973877 -0.43435556093324834 -0.006078068410054982 -1.6639660040484827 -1.3187626043902796 5.992112710373476e-05 0.0007478156476281583 0.18731823563575745 0.00011984225420746952 -1.0090718269348145 7.190534961409867e-05 0.0 0.07183594319621671 -0.641459866375547 0.16558172791014333 2.5743092305571 -0.13118248095667479 0.2727565038146316
4164.456 1.3981752395629883 -0.43283397356142217 -0.006101910267965138 -1.6724613348590296 -1.3187864462481897 7.190534961409867e-05 0.0006327670998871326 0.19688643515110016 9.58738019107841e-05 -1.076135516166687 7.190534961409867e-05 0.0 0.07152581130284955 -0.6429935633560272 0.16640120440477796 2.5675853203934276 -0.12973953066927454 0.2711693883196508
4164.464 1.3981512784957886 -0.43117982545961553 -0.006101910267965138 -1.6812933127032679 -1.3187864462481897 7.190534961409867e-05 0.0005560680292546749 0.20181435346603394 9.58738019107841e-05 -1.1338754892349243 7.190534961409867e-05 0.0 0.07122850335591996 -0.6445737699280316 0.1672085210858752 2.5606861718375247 -0.12820707808701548 0.26958023302508466
4164.472 1.3981752395629883 -0.4295261541949671 -0.006066147481099904 -1.6903651396380823 -1.3187864462481897 9.58738019107841e-05 0.0004985437844879925 0.208928182721138 9.58738019107841e-05 -1.172680377960205 7.190534961409867e-05 0.0 0.07095714665913475 -0.6461774813180912 0.16806069128803297 2.5535955481326136 -0.1266035747930587 0.2679762700230738
4164.48 1.398199200630188 -0.427835766469137 -0.006066147481099904 -1.6999176184283655 -1.3187745253192347 5.992112710373476e-05 0.0004410194815136492 0.22108498215675354 9.58738019107841e-05 -1.2086091041564941 7.190534961409867e-05 0.0 0.07067555756088341 -0.6478552205341386 0.169015614887787 2.5460406829572175 -0.12481892677703108 0.26626215858291385
4164.487999999999 1.398199200630188 -0.4260628859149378 -0.00608998933901006 -1.7098549048053187 -1.3187745253192347 5.992112710373476e-05 0.0004026699753012508 0.231285959482193 9.58738019107841e-05 -1.258367657661438 7.190534961409867e-05 0.0 0.0703652808167539 -0.6495894952837854 0.17001980796499663 2.5381698355794606 -0.12304994732534177 0.264469307718266
4164.496 1.3982231616973877 -0.42425281206239873 -0.006101910267965138 -1.7186983267413538 -1.3187626043902796 7.190534961409867e-05 0.00036432043998502195 0.23028887808322906 9.58738019107841e-05 -1.2988502979278564 7.190534961409867e-05 0.0 0.07010933745000097 -0.6511219451168087 0.17077339996032884 2.5313971172038108 -0.1215149506500536 0.26295906491298404
4164.504 1.3982231616973877 -0.42239505449403936 -0.006054226552144826 -1.729873005543844 -1.3187626043902796 7.190534961409867e-05 0.0003451456723269075 0.22848644852638245 9.58738019107841e-05 -1.3174978494644165 7.190534961409867e-05 0.0 0.06976761369923906 -0.6530301031104169 0.17198151131977976 2.522484103481194 -0.11952294091606556 0.2609371555406577
4164.512 1.3982471227645874 -0.42053729692568 -0.006113831196920216 -1.7406509558307093 -1.3187864462481897 5.992112710373476e-05 0.00032597093377262354 0.2295602262020111 9.58738019107841e-05 -1.352443814277649 7.190534961409867e-05 0.0 0.06944865817615843 -0.6548595883311141 0.17316017218654634 2.5138541869620172 -0.11756420663192725 0.25895744157341416
4164.5199999999995 1.3983310461044312 -0.4186442534076136 -0.006078068410054982 -1.7513330618487757 -1.318798844014303 4.793690095539205e-05 0.002972087822854519 0.22355853021144867 9.58738019107841e-05 -1.3613600730895996 7.190534961409867e-05 0.0 0.0691793100869961 -0.6566442831792757 0.17426970193799493 2.5054453924686193 -0.11558196821906239 0.2570704060755129
4164.528 1.3984029293060303 -0.41691810289491826 -0.00608998933901006 -1.7622669378863733 -1.3187745253192347 5.992112710373476e-05 0.008897088468074799 0.21972358226776123 9.58738019107841e-05 -1.3542654514312744 7.190534961409867e-05 0.0 0.06890769162819563 -0.6584523475521652 0.17557470237481382 2.4965792721080016 -0.11353515700140555 0.25513750952658076
4164.536 1.3984508514404297 -0.4152162710772913 -0.006126228963033498 -1.7733214537249964 -1.3187745253192347 5.992112710373476e-05 0.009798302315175533 0.21744178235530853 9.58738019107841e-05 -1.3820208311080933 7.190534961409867e-05 0.0 0.06861367249381245 -0.6602626537667309 0.1769440452273224 2.487549247825275 -0.11148372658636767 0.25312761020683866
4164.544 1.3985702991485596 -0.4135625998126429 -0.00608998933901006 -1.7841957251178187 -1.3187745253192347 5.992112710373476e-05 0.010431069880723953 0.21247552335262299 9.58738019107841e-05 -1.3850888013839722 7.190534961409867e-05 0.0 0.0683768735052796 -0.6620129603012774 0.17828750902595894 2.4787221476091714 -0.10939434075919521 0.2511971589848087
4164.552 1.3986661434173584 -0.41180116335024053 -0.006078068410054982 -1.7954543272601526 -1.3187626043902796 4.793690095539205e-05 0.012022574432194233 0.20593692362308502 9.58738019107841e-05 -1.388156771659851 7.190534961409867e-05 0.0 0.06811963552770166 -0.6638094982992171 0.17967180245629802 2.4695986202605678 -0.10725881525819547 0.249206814595943
4164.5599999999995 1.3987740278244019 -0.41012269655336553 -0.006078068410054982 -1.8065689245807093 -1.3187387625323694 8.388957940042019e-05 0.011965050362050533 0.20570683479309082 9.58738019107841e-05 -1.4071877002716064 7.190534961409867e-05 0.0 0.06788162278877061 -0.6655605011513117 0.18109625180608363 2.460520061848406 -0.10517983590531227 0.24727281043826282
4164.568 1.3988698720932007 -0.40844518343080694 -0.006101910267965138 -1.8176105658160608 -1.3187626043902796 7.190534961409867e-05 0.011581555008888245 0.21312746405601501 9.58738019107841e-05 -1.3952515125274658 7.190534961409867e-05 0.0 0.06762852643315062 -0.6672817301540505 0.18252550070458526 2.451491219206705 -0.1030946303127774 0.2452699974767092
4164.576 1.398929476737976 -0.4066832701312464 -0.006078068410054982 -1.8289535681353968 -1.3187506834613245 5.992112710373476e-05 0.011351457796990871 0.21663643419742584 9.58738019107841e-05 -1.3885881900787354 7.190534961409867e-05 0.0 0.06735644868307576 -0.6690290739701696 0.18396377502888464 2.442287927165744 -0.10101115939500203 0.24326403238000413
4164.584 1.399025321006775 -0.4048979918109339 -0.006126228963033498 -1.840067211781637 -1.3187506834613245 7.190534961409867e-05 0.010085923597216606 0.21677066385746002 9.58738019107841e-05 -1.4033048152923584 7.190534961409867e-05 0.0 0.06711436977013968 -0.6707236966493306 0.1853772846542638 2.4332623217283382 -0.09896331786998727 0.24131380127848692
4164.592 1.3991096019744873 -0.40313560167421514 -0.006042305623189748 -1.8511093298541468 -1.3187626043902796 4.793690095539205e-05 0.008705341257154942 0.22072066366672516 7.190534961409867e-05 -1.381589412689209 7.190534961409867e-05 0.0 0.06686880953507146 -0.6723787770312091 0.18674461688419694 2.424409023389985 -0.09693623439642304 0.23937146653194208
4164.599999999999 1.399133563041687 -0.4013617674456995 -0.006101910267965138 -1.8623798529254358 -1.3187626043902796 8.388957940042019e-05 0.007420632056891918 0.22223547101020813 7.190534961409867e-05 -1.3885881900787354 7.190534961409867e-05 0.0 0.06658177969139199 -0.6740586056017295 0.18823165255528773 2.415198876267051 -0.09498129827471911 0.23737149725537063
4164.608 1.399193525314331 -0.3996008078204554 -0.006029907857076466 -1.873373810444967 -1.3187387625323694 3.5952674807049334e-05 0.0062701464630663395 0.21769104897975922 7.190534961409867e-05 -1.394364595413208 7.190534961409867e-05 0.0 0.06633772048199732 -0.6756671234752125 0.18961961307909336 2.4063676399959477 -0.09295969294960105 0.2354667611469472
4164.616 1.3992414474487305 -0.3978026548968714 -0.006066147481099904 -1.884378735219137 -1.3187626043902796 4.793690095539205e-05 0.005848302040249109 0.2244213968515396 7.190534961409867e-05 -1.3695333003997803 7.190534961409867e-05 0.0 0.0660747840439163 -0.6772646015771127 0.1910413366262503 2.397461243553698 -0.09103651050231874 0.23351377131230205
4164.624 1.399312973022461 -0.3960049788104456 -0.006101910267965138 -1.8955166975604456 -1.3187626043902796 4.793690095539205e-05 0.006231796927750111 0.23404712975025177 7.190534961409867e-05 -1.3724814653396606 7.190534961409867e-05 0.0 0.0658345493145949 -0.6788574217796595 0.1925073436630277 2.388423571500917 -0.08903922644230013 0.2315715038644305
4164.632 1.3993608951568604 -0.3941710630999964 -0.006054226552144826 -1.9062464872943323 -1.3187506834613245 5.992112710373476e-05 0.007574030198156834 0.2360604703426361 7.190534961409867e-05 -1.3690299987792969 7.190534961409867e-05 0.0 0.06559573471813221 -0.6803725881722804 0.19382819496177844 2.379889332260018 -0.0871941720849976 0.2297536571752057
4164.639999999999 1.3994327783584595 -0.39222938219179326 -0.006078068410054982 -1.917215649281637 -1.3187387625323694 8.388957940042019e-05 0.011140535585582256 0.23055732250213623 7.190534961409867e-05 -1.356614351272583 7.190534961409867e-05 0.0 0.06536940092002769 -0.6819060330032645 0.19517631278294395 2.371159681193459 -0.08530016369246336 0.22791447306327473
4164.648 1.3995646238327026 -0.3904922644244593 -0.006078068410054982 -1.9281728903399866 -1.3187626043902796 9.58738019107841e-05 0.012942963279783726 0.22653061151504517 7.190534961409867e-05 -1.365674376487732 7.190534961409867e-05 0.0 0.06518039379626213 -0.683403085167722 0.19665510114220397 2.3622756463267196 -0.08330866963896837 0.22602562701785855
4164.656 1.3997440338134766 -0.38859826723207647 -0.006078068410054982 -1.9388898054706019 -1.3187387625323694 9.58738019107841e-05 0.017851701006293297 0.2303847372531891 7.190534961409867e-05 -1.3550564050674438 7.190534961409867e-05 0.0 0.06504477124452954 -0.6848521165524375 0.197984724843819 2.353770694750059 -0.08131316961457327 0.2242984335959426
4164.664 1.3998641967773438 -0.3867529074298304 -0.006078068410054982 -1.9497388044940394 -1.3187626043902796 5.992112710373476e-05 0.02552160620689392 0.23466071486473083 7.190534961409867e-05 -1.334371566772461 7.190534961409867e-05 0.0 0.06485711072406047 -0.6862993795659171 0.1993858409604302 2.345089954683295 -0.07933810607166637 0.22243584215854745
4164.672 1.400079607963562 -0.38487083116640264 -0.006078068410054982 -1.960503880177633 -1.3187745253192347 8.388957940042019e-05 0.03217524662613869 0.24432478845119476 7.190534961409867e-05 -1.3383983373641968 7.190534961409867e-05 0.0 0.06474344792531944 -0.6877111091424475 0.20075233022411892 2.3365308963124916 -0.0773480155434522 0.22069386164639593
4164.679999999999 1.4003912210464478 -0.38290530840028936 -0.006029907857076466 -1.970980469380514 -1.3187387625323694 7.190534961409867e-05 0.038426220417022705 0.25151532888412476 7.190534961409867e-05 -1.3269892930984497 7.190534961409867e-05 0.0 0.06471869958470063 -0.689063306565416 0.20198266994141792 2.328377143553682 -0.07527275275129497 0.21913014602994885
4164.688 1.4006428718566895 -0.3808682600604456 -0.006054226552144826 -1.9816606680499476 -1.3187626043902796 9.58738019107841e-05 0.040113598108291626 0.2530493140220642 7.190534961409867e-05 -1.3148612976074219 7.190534961409867e-05 0.0 0.06463508664386523 -0.6904313878366064 0.2032525826943775 2.320026319691097 -0.07330548997098953 0.21744821435800668
4164.696 1.400954008102417 -0.3788545767413538 -0.006078068410054982 -1.9922698179828089 -1.3187506834613245 8.388957940042019e-05 0.0392315611243248 0.25573378801345825 7.190534961409867e-05 -1.323825478553772 7.190534961409867e-05 0.0 0.06460777741572636 -0.6917660831008396 0.2045305074404502 2.3117199614876243 -0.07122663283204116 0.2158352363723165
4164.704 1.4013491868972778 -0.37672120729555303 -0.00608998933901006 -2.002589527760641 -1.3187387625323694 7.190534961409867e-05 0.03903981298208237 0.2625599801540375 7.190534961409867e-05 -1.310379147529602 7.190534961409867e-05 0.0 0.06464779752139499 -0.693048305868453 0.20565898478994632 2.3038248661068588 -0.06914320536482109 0.21435731673620176
4164.7119999999995 1.4016847610473633 -0.37463599840273076 -0.006054226552144826 -2.0131619612323206 -1.3187626043902796 0.000107858024421148 0.04061214253306389 0.26578134298324585 7.190534961409867e-05 -1.2994974851608276 7.190534961409867e-05 0.0 0.06463663316440924 -0.6943405705763828 0.2068669097434186 2.2956828503436455 -0.06715907143207102 0.2127863055899239
4164.72 1.4020318984985352 -0.37246686617006475 -0.006017986928121388 -2.0235899130450647 -1.3187506834613245 5.992112710373476e-05 0.04465801641345024 0.274064838886261 7.190534961409867e-05 -1.2986106872558594 7.190534961409867e-05 0.0 0.06464911141250437 -0.695601189170644 0.20799099585320463 2.28775541533131 -0.06510041973030509 0.21127147496970808
4164.728 1.40241539478302 -0.3701894919024866 -0.006042305623189748 -2.033705536519186 -1.3187387625323694 4.793690095539205e-05 0.04879976436495781 0.2852245569229126 7.190534961409867e-05 -1.2802268266677856 7.190534961409867e-05 0.0 0.06469550910420475 -0.6968148249396806 0.2089975327168057 2.2801770657243545 -0.06312024036183769 0.20987279208401483
4164.736 1.402762532234192 -0.3679125944720667 -0.005982224141256154 -2.0438807646380823 -1.3187745253192347 8.388957940042019e-05 0.05434127151966095 0.2925493121147156 7.190534961409867e-05 -1.2546285390853882 7.190534961409867e-05 0.0 0.06470709426253593 -0.6980175705803903 0.20998519150850714 2.272623574797286 -0.0612728645536648 0.20843627697421854
4164.744 1.4031699895858765 -0.3655036131488245 -0.00600606599916631 -2.053887669240133 -1.3187506834613245 7.190534961409867e-05 0.0561053492128849 0.3059716522693634 7.190534961409867e-05 -1.23430335521698 7.190534961409867e-05 0.0 0.0647816341023406 -0.6991909526035153 0.21088710138771247 2.265274251930864 -0.05932121531226104 0.20712306611798836
4164.7519999999995 1.4036370515823364 -0.36308318773378545 -0.006066147481099904 -2.063570801411764 -1.3187626043902796 5.992112710373476e-05 0.056469667702913284 0.30852189660072327 7.190534961409867e-05 -1.2138822078704834 7.190534961409867e-05 0.0 0.06489782800482961 -0.7003121223401061 0.21171920512730585 2.258220588904307 -0.057385956422449286 0.20586667563959993
4164.76 1.4040800333023071 -0.3606017271624964 -0.006054226552144826 -2.0732529799090784 -1.3187626043902796 5.992112710373476e-05 0.05553010478615761 0.3059524893760681 7.190534961409867e-05 -1.1849762201309204 7.190534961409867e-05 0.0 0.06500372884858668 -0.7014206960799186 0.2124821202588771 2.2512915197704344 -0.055518518417329424 0.2046495116301486
4164.768 1.4045231342315674 -0.3581927458392542 -0.006017986928121388 -2.0828397909747522 -1.3187387625323694 5.992112710373476e-05 0.05445631965994835 0.3041692078113556 7.190534961409867e-05 -1.1710984706878662 7.190534961409867e-05 0.0 0.06512214750228361 -0.7024990626488785 0.21326449828152771 2.244403566104895 -0.05365323292458912 0.20347366309558768
4164.776 1.4049785137176514 -0.3557360808001917 -0.006042305623189748 -2.0920050779925745 -1.3187626043902796 7.190534961409867e-05 0.05662306770682335 0.30192577838897705 7.190534961409867e-05 -1.1439422369003296 7.190534961409867e-05 0.0 0.06524658005426162 -0.703524801756958 0.21393623601756545 2.237915751623973 -0.05189808546591991 0.20234430869333403
4164.784 1.4054814577102661 -0.3532794157611292 -0.005994145070211232 -2.1008947531329554 -1.3187745253192347 9.58738019107841e-05 0.06013204902410507 0.3098832964897156 7.190534961409867e-05 -1.1041545867919922 7.190534961409867e-05 0.0 0.06541604785586658 -0.704505276540744 0.21450844603421354 2.2317652133130745 -0.0501694752817369 0.20133520772225363
4164.7919999999995 1.4059724807739258 -0.3507502714740198 -0.0059464613543909195 -2.1097963492022913 -1.3187626043902796 7.190534961409867e-05 0.06410122662782669 0.32840612530708313 7.190534961409867e-05 -1.0781248807907104 7.190534961409867e-05 0.0 0.06558551069864302 -0.705479055453204 0.21503832556205635 2.225666847957371 -0.04840546036877845 0.20033637273279678
4164.8 1.4064878225326538 -0.3480895201312464 -0.005994145070211232 -2.118408981953756 -1.3187506834613245 8.388957940042019e-05 0.06601870059967041 0.33373668789863586 7.190534961409867e-05 -1.0524547100067139 7.190534961409867e-05 0.0 0.06577812039822134 -0.7064215417747277 0.21544996045730347 2.2198839321668293 -0.04672253141481697 0.19943938758635954
4164.808 1.4070262908935547 -0.34548885027040654 -0.006042305623189748 -2.1266258398639124 -1.3187387625323694 9.58738019107841e-05 0.07083156704902649 0.3332381546497345 7.190534961409867e-05 -1.0405423641204834 7.190534961409867e-05 0.0 0.06599715893820626 -0.7073102990151041 0.215803345417084 2.214425755735998 -0.04508203237175979 0.19862595813818595
4164.816 1.4076255559921265 -0.3427680174456995 -0.005958382283345998 -2.1348422209369105 -1.3187506834613245 4.793690095539205e-05 0.08225972205400467 0.3252614438533783 7.190534961409867e-05 -1.0201212167739868 7.190534961409867e-05 0.0 0.06625499634584593 -0.7081894313318298 0.2160142999035819 2.209216034244484 -0.04337515564649916 0.19784062595825028
4164.824 1.4082722663879395 -0.3400834242450159 -0.005982224141256154 -2.1430586020099085 -1.3187626043902796 5.992112710373476e-05 0.0843881219625473 0.3349638879299164 7.190534961409867e-05 -0.9989810585975647 7.190534961409867e-05 0.0 0.06654910996096956 -0.7090542086862464 0.21630121990029333 2.2038691009782037 -0.04165980922525925 0.19709034120117108
4164.831999999999 1.4089430570602417 -0.33732730547060186 -0.005970303212301076 -2.15092641512026 -1.3187387625323694 4.793690095539205e-05 0.08247064054012299 0.34512650966644287 7.190534961409867e-05 -0.9751085042953491 7.190534961409867e-05 0.0 0.0668775294215069 -0.7098793635423896 0.21643515821453208 2.198959515626655 -0.03996304556143528 0.19647365424415814
4164.84 1.409625768661499 -0.334510628377096 -0.005970303212301076 -2.158541981373922 -1.3187626043902796 7.190534961409867e-05 0.08275826275348663 0.3633617162704468 0.0012463594321161509 -0.9443089962005615 7.190534961409867e-05 0.0 0.06720763153005986 -0.7106764793345407 0.2164663946693529 2.1943465166072778 -0.03838069085036241 0.1958944134368838
4164.848 1.4103680849075317 -0.33157474199403936 -0.005898300801412404 -2.166013542805807 -1.3187626043902796 7.190534961409867e-05 0.0898720994591713 0.3714151084423065 0.0012463594321161509 -0.9241036176681519 7.190534961409867e-05 0.0 0.06759026727102423 -0.7114540752460359 0.21634635397357582 2.190057429744443 -0.036761468117624284 0.195430870265086
4164.856 1.411146640777588 -0.3286383787738245 -0.00592214265932256 -2.1734007040606897 -1.3187626043902796 8.388957940042019e-05 0.09871166944503784 0.370187908411026 0.0012463594321161509 -0.9087159037590027 7.190534961409867e-05 0.0 0.06800212109318635 -0.7122144769896188 0.21624864800692903 2.185758520557406 -0.035117897484787504 0.19499586217364265
4164.864 1.4119012355804443 -0.32570201555360967 -0.0059464613543909195 -2.180607620869772 -1.3187506834613245 5.992112710373476e-05 0.10285341739654541 0.3625563681125641 0.0012463594321161509 -0.8940711617469788 7.190534961409867e-05 0.0 0.06840528296365324 -0.7129523705302301 0.21610506203701652 2.1816291314644594 -0.03349215824966299 0.19457862547119775
4164.871999999999 1.4128236770629883 -0.32287341753114873 -0.005898300801412404 -2.1875503698932093 -1.3187626043902796 5.992112710373476e-05 0.10636239498853683 0.358529657125473 0.0012463594321161509 -0.8706779479980469 7.190534961409867e-05 0.0 0.06892957333605161 -0.7136409291023372 0.215933008844931 2.1777325752101313 -0.031769033949012725 0.19429261193906597
4164.88 1.4137340784072876 -0.3199966589557093 -0.005898300801412404 -2.1943605581866663 -1.3187745253192347 5.992112710373476e-05 0.11514443904161453 0.36736923456192017 0.0012463594321161509 -0.834054172039032 7.190534961409867e-05 0.0 0.06944896682909382 -0.7143151401956961 0.2157153373042039 2.173962327231013 -0.030088134740263835 0.19402910153159544
4164.888 1.4146920442581177 -0.3170364538775843 -0.005910221730367482 -2.201026741658346 -1.3187506834613245 7.190534961409867e-05 0.12007234990596771 0.3752117156982422 0.0012463594321161509 -0.8119072914123535 7.190534961409867e-05 0.0 0.07001541452093024 -0.7149714643335202 0.21540897907801 2.170398775172565 -0.028392638236181295 0.1938836224309224
4164.896 1.4157583713531494 -0.31404000917543584 -0.005886379872457326 -2.2075732390033167 -1.3187864462481897 5.992112710373476e-05 0.1355847269296646 0.38036972284317017 0.0011265171924605966 -0.7979097366333008 7.190534961409867e-05 0.0 0.0706474208718613 -0.7156055752143244 0.2150268757280805 2.1670308168506973 -0.026627098905119686 0.1937623399283015
4164.9039999999995 1.4168604612350464 -0.31100780168642217 -0.00592214265932256 -2.21391469637026 -1.3187745253192347 7.190534961409867e-05 0.14954395592212677 0.36876899003982544 0.0009827064350247383 -0.7823781967163086 7.190534961409867e-05 0.0 0.07132240002507417 -0.7162156627329743 0.21459538208168466 2.163834656216501 -0.02485891657686578 0.1937653571556392
4164.912 1.4180341958999634 -0.3080838362323206 -0.0058625380145471695 -2.2199562231646937 -1.3187506834613245 8.388957940042019e-05 0.15381993353366852 0.35703402757644653 0.0008868326549418271 -0.762843906879425 7.190534961409867e-05 0.0 0.07205976842395335 -0.7167819033514069 0.21411629988216033 2.1609180851527507 -0.02306171384085367 0.19388124694748834
4164.92 1.4192677736282349 -0.3051951567279261 -0.005898300801412404 -2.225865666066305 -1.3187626043902796 9.58738019107841e-05 0.15959152579307556 0.3539852499961853 0.0007909588748589158 -0.725117564201355 7.190534961409867e-05 0.0 0.07283461970564806 -0.7173262604569046 0.2136696267348133 2.1580077913268183 -0.021224068383228028 0.19399656930447776
4164.928 1.420573353767395 -0.3022826353656214 -0.005814377461568654 -2.2315591017352503 -1.3187626043902796 8.388957940042019e-05 0.16392502188682556 0.36648720502853394 0.0007190534961409867 -0.6827173233032227 7.190534961409867e-05 0.0 0.07366966605554148 -0.7178419162725709 0.21309372984107255 2.15544664245934 -0.01934495833772375 0.19422455027323457
4164.936 1.4220106601715088 -0.2993109861956995 -0.005874458943502248 -2.236987892781393 -1.318798844014303 4.793690095539205e-05 0.17230439186096191 0.37720587849617004 0.0006711166352033615 -0.6461654901504517 7.190534961409867e-05 0.0 0.07459429435958596 -0.7183269956358863 0.21247192315000418 2.1530675594084157 -0.017354920989409016 0.1945130238896034
4164.9439999999995 1.423448085784912 -0.2964580694781702 -0.005898300801412404 -2.2419961134540003 -1.3187864462481897 4.793690095539205e-05 0.18313813209533691 0.3651449680328369 0.0005992112564854324 -0.6142154932022095 7.190534961409867e-05 0.0 0.07554074161615335 -0.7187657028742874 0.21180670773076293 2.151011508904457 -0.015438184679369952 0.19494209074514302
4164.952 1.42494535446167 -0.2936175505267542 -0.00592214265932256 -2.2467644850360315 -1.3187626043902796 4.793690095539205e-05 0.1964837610721588 0.33810853958129883 0.0005752427969127893 -0.5900793075561523 7.190534961409867e-05 0.0 0.07653843453690269 -0.719175079574715 0.21108666245213706 2.149176468584705 -0.013493636525567345 0.19546380538355446
4164.96 1.4264905452728271 -0.29089671770204717 -0.005910221730367482 -2.25124437013735 -1.3187626043902796 8.388957940042019e-05 0.20913910865783691 0.3251464068889618 0.0005273059359751642 -0.5553489923477173 7.190534961409867e-05 0.0 0.07757099451290662 -0.719546646125834 0.21035597799581382 2.1475444101235848 -0.01158790614342182 0.19604982262648182
4164.968 1.4281556606292725 -0.288248364125387 -0.005874458943502248 -2.255507771168844 -1.3187626043902796 9.58738019107841e-05 0.215428426861763 0.3345803916454315 0.0005033374764025211 -0.5145067572593689 7.190534961409867e-05 0.0 0.07869508580314982 -0.7198829308200435 0.20960709410504375 2.1460784111981157 -0.009559138034516412 0.19672560129016017
4164.976 1.4299161434173584 -0.2855151335345667 -0.005874458943502248 -2.259531323109762 -1.318810764943258 7.190534961409867e-05 0.22589784860610962 0.343400776386261 0.00045540055725723505 -0.4746472239494324 7.190534961409867e-05 0.0 0.07987893021668091 -0.7201946756089701 0.20874945497917632 2.1448994011639533 -0.007470618040308816 0.19744025419384637
4164.9839999999995 1.4318205118179321 -0.2827709356891077 -0.00592214265932256 -2.2633383909808558 -1.3187506834613245 8.388957940042019e-05 0.23803547024726868 0.3452415466308594 0.00043143212678842247 -0.4454536437988281 7.190534961409867e-05 0.0 0.0811992883607298 -0.7204723927904717 0.20785263809394028 2.1438898680062217 -0.005236794985070448 0.19841108658276804
4164.992 1.4337968826293945 -0.2800505797015589 -0.005898300801412404 -2.2669294516192835 -1.3187745253192347 7.190534961409867e-05 0.2488308697938919 0.3258366882801056 0.0004074636672157794 -0.43529102206230164 7.190534961409867e-05 0.0 0.08255402214446159 -0.7207219598492699 0.20687789157926245 2.143145532253985 -0.002995886276213521 0.19937046520972823
4165.0 1.4357731342315674 -0.2774613539325159 -0.005910221730367482 -2.2703402678119105 -1.3187745253192347 4.793690095539205e-05 0.2612560987472534 0.31013256311416626 0.0003834952076431364 -0.41484594345092773 7.190534961409867e-05 0.0 0.08391965844773247 -0.7209454324383896 0.20596450572806996 2.1424093442757988 -0.0007310849612489866 0.20035227733407657
4165.008 1.4378336668014526 -0.2749565283404749 -0.005874458943502248 -2.2735231558429163 -1.3187626043902796 9.58738019107841e-05 0.26988476514816284 0.30420756340026855 0.0003834952076431364 -0.3802834451198578 7.190534961409867e-05 0.0 0.08535419063709837 -0.7211341820647861 0.20502757207515523 2.141862336406344 0.0015205931537653995 0.20147460030425604
4165.016 1.439989686012268 -0.27253562608827764 -0.005874458943502248 -2.2763689200030726 -1.3187626043902796 8.388957940042019e-05 0.2744675278663635 0.3197774887084961 0.00035952674807049334 -0.3326821029186249 7.190534961409867e-05 0.0 0.0868601087790436 -0.721280925635623 0.20407616631242903 2.1415277122036245 0.0038948647349842267 0.20264571568722092
4165.023999999999 1.4422415494918823 -0.26995879808534795 -0.005850140248433888 -2.2788432280169886 -1.3187864462481897 5.992112710373476e-05 0.2781490683555603 0.3289046585559845 0.00035952674807049334 -0.29627400636672974 7.190534961409867e-05 0.0 0.08843325713494292 -0.7213946286356783 0.20290378180357416 2.1417342667331076 0.00627662494689627 0.20394070558064042
4165.032 1.4445414543151855 -0.26739436784853154 -0.005898300801412404 -2.2811015287982386 -1.3187745253192347 7.190534961409867e-05 0.2852437198162079 0.32029518485069275 0.00035952674807049334 -0.2791845202445984 7.190534961409867e-05 0.0 0.0900539833780425 -0.7214816258834018 0.2017176343095069 2.142066419915431 0.00867113779020952 0.20534637414004642
4165.04 1.4468772411346436 -0.2649129072772425 -0.005874458943502248 -2.2832987944232386 -1.3187268416034144 9.58738019107841e-05 0.29690200090408325 0.29713207483291626 0.00035952674807049334 -0.26396453380584717 7.190534961409867e-05 0.0 0.09171274820186646 -0.7215484405699303 0.20054061477739768 2.142443649073308 0.011104969551282998 0.20682688640231112
4165.048 1.4492250680923462 -0.2625516096698206 -0.005886379872457326 -2.285316292439596 -1.3187506834613245 7.190534961409867e-05 0.30420756340026855 0.2767684757709503 0.00035952674807049334 -0.24987110495567322 7.190534961409867e-05 0.0 0.09336482258024166 -0.7215911621988432 0.1994140901282755 2.142847625587352 0.013559596243405615 0.2082135306978986
4165.056 1.4517042636871338 -0.26028663316835576 -0.005826298390523732 -2.287177864705221 -1.3187626043902796 4.793690095539205e-05 0.30773574113845825 0.2751769721508026 -0.0 -0.21988657116889954 7.190534961409867e-05 0.0 0.09511828855548617 -0.7215978448974136 0.1982802815319183 2.1433811179374214 0.016142094133488806 0.2097124658295298
4165.063999999999 1.4541598558425903 -0.25800973573793584 -0.0057786146747034195 -2.288811508809225 -1.3187626043902796 8.388957940042019e-05 0.31128305196762085 0.2902100086212158 -0.0 -0.19126823544502258 7.190534961409867e-05 0.0 0.09686093793114982 -0.7215839713053803 0.19708354923368646 2.1441355769781123 0.018606565108195583 0.2112844142338589
4165.072 1.456735372543335 -0.25571996370424444 -0.005802456532613576 -2.29026443163027 -1.3187745253192347 7.190534961409867e-05 0.32041025161743164 0.2981291711330414 0.0020852552261203527 -0.16888169944286346 7.190534961409867e-05 0.0 0.0986891760113486 -0.7215405312562155 0.19586257379074368 2.1450098480794675 0.021226557119546543 0.21290536347209998
4165.08 1.4593344926834106 -0.2533829847918909 -0.005910221730367482 -2.2916577498065394 -1.3187626043902796 7.190534961409867e-05 0.3349638879299164 0.28779396414756775 0.0020852552261203527 -0.16439960896968842 7.190534961409867e-05 0.0 0.10054145092868391 -0.7214861884055961 0.19463234822122633 2.1459031792786174 0.02387130555015063 0.21457464026703488
4165.088 1.4620537757873535 -0.25108224550356084 -0.005874458943502248 -2.2929909865008753 -1.3187506834613245 8.388957940042019e-05 0.34173259139060974 0.26929032802581787 0.0020852552261203527 -0.16799487173557281 7.190534961409867e-05 0.0 0.10248240181840693 -0.7214035541728088 0.1933438429549066 2.1469620563985776 0.0266080183356619 0.21634809046382303
4165.096 1.464676856994629 -0.24895984331239873 -0.005850140248433888 -2.294299904500143 -1.3187626043902796 8.388957940042019e-05 0.33250951766967773 0.2549859583377838 0.0020852552261203527 -0.16030099987983704 7.190534961409867e-05 0.0 0.10434921373946167 -0.7213151016115036 0.1921787571285687 2.147855927251761 0.029270616019747515 0.21800243547065823
4165.103999999999 1.4673725366592407 -0.2468507925616663 -0.005874458943502248 -2.2955248991595667 -1.3187387625323694 8.388957940042019e-05 0.3271597623825073 0.25768959522247314 0.0020133499056100845 -0.1365242898464203 7.190534961409867e-05 0.0 0.10627894609569685 -0.7212051374340044 0.1910247545611682 2.1487672559809563 0.032031077660004334 0.21973923761852934
4165.112 1.4700911045074463 -0.24476558366884404 -0.0057786146747034195 -2.296485726033346 -1.3187745253192347 7.190534961409867e-05 0.3335449695587158 0.2672002911567688 0.0016058861510828137 -0.10188988596200943 7.190534961409867e-05 0.0 0.10821277775722349 -0.7210639265682095 0.18975868862063228 2.1500351082894773 0.03474144809916701 0.22147763071305118
4165.12 1.472786784172058 -0.24263221422304326 -0.0057786146747034195 -2.297230068837301 -1.3187268416034144 9.58738019107841e-05 0.3441677689552307 0.273796409368515 0.001342233270406723 -0.07614776492118835 7.190534961409867e-05 0.0 0.1101537662339643 -0.7209027747903247 0.18844945886643732 2.1514590321095137 0.03741412136045899 0.22333892278902576
4165.128 1.475541591644287 -0.24051076570619756 -0.005850140248433888 -2.29773456255068 -1.3187745253192347 8.388957940042019e-05 0.3510323464870453 0.27385392785072327 0.0011504855938255787 -0.049974218010902405 7.190534961409867e-05 0.0 0.11211414799765954 -0.7207133454196449 0.18711499756293132 2.1530432827684236 0.040114613471678745 0.22513397413288763
4165.1359999999995 1.4782965183258057 -0.23840123811830694 -0.005850140248433888 -2.2980831305133265 -1.3187864462481897 8.388957940042019e-05 0.3518376648426056 0.2593386471271515 -0.0 -0.03480219095945358 7.190534961409867e-05 0.0 0.11408576998002376 -0.7205008886582617 0.18571538312839286 2.1548337037157594 0.042794693796662384 0.22700688602654923
4165.144 1.481063723564148 -0.23642379442323858 -0.005814377461568654 -2.298250977193014 -1.3187626043902796 4.793690095539205e-05 0.3445129096508026 0.24355781078338623 -0.0 -0.02063683606684208 7.190534961409867e-05 0.0 0.11607770209264048 -0.7202586830242035 0.18434592980404357 2.1566990594473614 0.045540410293722786 0.2289148453493412
4165.152 1.48385488986969 -0.23447019258608037 -0.005814377461568654 -2.2982872168170374 -1.318798844014303 8.388957940042019e-05 0.33714979887008667 0.2382272183895111 -0.0 -0.009419601410627365 7.190534961409867e-05 0.0 0.11807178434207394 -0.7199975245991528 0.18297298369592796 2.1586448347594183 0.04819478177850081 0.23082085877545547
4165.16 1.486657738685608 -0.23251611391176397 -0.005802456532613576 -2.2983115355121058 -1.3187626043902796 8.388957940042019e-05 0.34217360615730286 0.23671241104602814 -0.0 -0.005872270558029413 7.190534961409867e-05 0.0 0.12009322395287106 -0.7197231165669675 0.18159370303683336 2.160602677706642 0.0509436275089087 0.23279055649051197
4165.168 1.4894369840621948 -0.23058683076967412 -0.005814377461568654 -2.298262898121969 -1.3187626043902796 4.793690095539205e-05 0.35655465722084045 0.23916678130626678 -0.0 -0.003403519978746772 7.190534961409867e-05 0.0 0.12208826430651831 -0.7194387406431886 0.1802224399869882 2.162583225209591 0.05368708021531607 0.23468617821752683
4165.1759999999995 1.4922401905059814 -0.2287047545062464 -0.005814377461568654 -2.2983115355121058 -1.3187268416034144 7.190534961409867e-05 0.3635534644126892 0.2480446994304657 -0.0 -0.0023968450259417295 7.190534961409867e-05 0.0 0.12410894192405966 -0.7191480041644827 0.1789058295548041 2.1644327049448573 0.05643693488285514 0.23664286007428542
4165.184 1.4950193166732788 -0.2267516295062464 -0.00583821931947881 -2.2983115355121058 -1.318798844014303 5.992112710373476e-05 0.35360175371170044 0.2485048919916153 -0.0 -0.0018455707468092442 7.190534961409867e-05 0.0 0.12608351478876784 -0.7188546888167643 0.1775330020152161 2.166382731326636 0.05912907829883857 0.2384590077566515
4165.192 1.4978225231170654 -0.22480994859804326 -0.00583821931947881 -2.298323456441061 -1.3187864462481897 8.388957940042019e-05 0.33966171741485596 0.23305003345012665 -0.0 -0.0014860439114272594 7.190534961409867e-05 0.0 0.12809719514414872 -0.7185470942382647 0.17616346354278611 2.168325407645857 0.061861689581551 0.24039653914044656
4165.2 1.500577449798584 -0.22297603288759404 -0.005826298390523732 -2.2982991377459925 -1.3187864462481897 8.388957940042019e-05 0.34037116169929504 0.21654057502746582 -0.0 -0.001270327833481133 7.190534961409867e-05 0.0 0.13007289822221568 -0.7182322096561934 0.17485445744655229 2.170206302933434 0.06457521895510775 0.2422654319375487
4165.208 1.5032846927642822 -0.22120219865907842 -0.005850140248433888 -2.298347298298971 -1.3187506834613245 8.388957940042019e-05 0.34664130210876465 0.2163488268852234 -0.0 -0.0010785802733153105 7.190534961409867e-05 0.0 0.1320226416773295 -0.7179201435052198 0.173625098422087 2.1719152178169288 0.06728620925710405 0.24411527104605257
4165.215999999999 1.506052017211914 -0.21944028535951787 -0.00583821931947881 -2.2983115355121058 -1.3187745253192347 8.388957940042019e-05 0.34867385029792786 0.21801702678203583 -0.0 -0.0009587380336597562 7.190534961409867e-05 0.0 0.1339999429724233 -0.717586632903054 0.17236292430685923 2.173735411702608 0.07001852880152687 0.24594735512118285
4165.224 1.5088071823120117 -0.21761876741518194 -0.005814377461568654 -2.2983115355121058 -1.3187864462481897 5.992112710373476e-05 0.3427871763706207 0.22121921181678772 -0.0 -0.0008628642535768449 7.190534961409867e-05 0.0 0.13597069014077556 -0.7172502696137382 0.17106277435174783 2.1755852455224027 0.07276994083425611 0.24777284288428938
4165.232 1.5115269422531128 -0.2158444563495081 -0.005826298390523732 -2.298323456441061 -1.3187745253192347 7.190534961409867e-05 0.3293840289115906 0.22359688580036163 -0.0 -0.0007669904152862728 7.190534961409867e-05 0.0 0.13792147568926724 -0.7169114414894052 0.16981682835579376 2.1773397529537877 0.07547550221656185 0.24960576816267946
4165.24 1.5142338275909424 -0.21407062212099248 -0.005850140248433888 -2.298335377370016 -1.3187268416034144 5.992112710373476e-05 0.3192022442817688 0.2137218713760376 -0.0 -0.0006950850947760046 7.190534961409867e-05 0.0 0.13987167838173153 -0.7165659007898766 0.1685782108042803 2.1790738866992947 0.07821956378466577 0.251450751697264
4165.248 1.5168452262878418 -0.21235639253725225 -0.005814377461568654 -2.298359219227926 -1.3187626043902796 8.388957940042019e-05 0.3178408145904541 0.206761434674263 -0.0 -0.0006471481756307185 7.190534961409867e-05 0.0 0.14173104745934598 -0.7162277201542309 0.1673534522784877 2.1808057539185737 0.08077981304103146 0.2531651478486994
4165.255999999999 1.5193971395492554 -0.21067887941469365 -0.005802456532613576 -2.298335377370016 -1.3187864462481897 8.388957940042019e-05 0.3221551477909088 0.20988692343235016 -0.0 -0.0005992112564854324 7.190534961409867e-05 0.0 0.14355048118567165 -0.715887032548533 0.16615384174503262 2.182519166853885 0.08331435089189447 0.2548394020154379
4165.264 1.5219486951828003 -0.20901233354677373 -0.005826298390523732 -2.298359219227926 -1.3187864462481897 5.992112710373476e-05 0.3251464068889618 0.21707746386528015 -0.0 -0.0005512743955478072 7.190534961409867e-05 0.0 0.14537481037305217 -0.7155439735390774 0.1649921515557132 2.1841329349528547 0.08590487374365847 0.2565080419419783
4165.272 1.5243927240371704 -0.20726281801332647 -0.0058625380145471695 -2.2984312216388147 -1.318798844014303 5.992112710373476e-05 0.3188954293727875 0.21629129350185394 -0.0 -0.0005273059359751642 7.190534961409867e-05 0.0 0.14711787678522603 -0.7152162417788566 0.16378957738593047 2.1857697928412527 0.08834517915161294 0.2581154251056434
4165.28 1.526908278465271 -0.20563251176942998 -0.005814377461568654 -2.298551384602682 -1.3187864462481897 4.793690095539205e-05 0.3010437488555908 0.20632041990756989 -0.0 -0.009946906939148903 7.190534961409867e-05 0.0 0.14891808850307514 -0.714869964172962 0.1626452764925723 2.187319773920011 0.09090613629133554 0.25976810139064327
4165.288 1.5292919874191284 -0.20401460329164678 -0.005814377461568654 -2.298683468495504 -1.3187268416034144 8.388957940042019e-05 0.2915905714035034 0.1984395980834961 -0.0 -0.025382589548826218 7.190534961409867e-05 0.0 0.15063551335285905 -0.7145379566483402 0.16153733323872563 2.188795194271713 0.09330985182660845 0.2614112765890332
4165.295999999999 1.5316880941390991 -0.20237285295595342 -0.005802456532613576 -2.2989476362811487 -1.3187626043902796 7.190534961409867e-05 0.2924150824546814 0.1967330425977707 -0.0 -0.03576092794537544 7.190534961409867e-05 0.0 0.15233551057067138 -0.7142134394397053 0.16043733599526483 2.1901800101914417 0.0957418121319202 0.26291265655708385
4165.304 1.5339523553848267 -0.2008150259601038 -0.0058625380145471695 -2.2992594877826136 -1.3187268416034144 5.992112710373476e-05 0.2925493121147156 0.19742333889007568 -0.0 -0.04242415726184845 7.190534961409867e-05 0.0 0.15395907562796485 -0.7139067491719302 0.15944576674111918 2.1913537185398204 0.098098612388916 0.2643863142232128
4165.312 1.5362282991409302 -0.19924480119814092 -0.005802456532613576 -2.29958421388735 -1.3187864462481897 8.388957940042019e-05 0.2845150828361511 0.2008364349603653 -0.0 -0.038613174110651016 7.190534961409867e-05 0.0 0.1555657820572106 -0.713593549836753 0.15838838974740405 2.192658387601798 0.10036324774415727 0.26579668885885327
4165.32 1.538456916809082 -0.1976988951312464 -0.005802456532613576 -2.2998841444598597 -1.3187745253192347 7.190534961409867e-05 0.2736813426017761 0.2041344940662384 -0.0 -0.03353186324238777 7.190534961409867e-05 0.0 0.1571568013190558 -0.713279615048056 0.1573728123597699 2.193890851790667 0.10266564900342016 0.26722778721354823
4165.3279999999995 1.5406489372253418 -0.19608050981630498 -0.005874458943502248 -2.300232712422506 -1.3187745253192347 9.58738019107841e-05 0.2606808543205261 0.20191022753715515 -0.0 -0.0391165129840374 7.190534961409867e-05 0.0 0.1587175592729978 -0.7129747264122364 0.1563517537646356 2.1950793403246376 0.10489013794841016 0.2686359404971571
4165.336 1.5427454710006714 -0.19458228746523076 -0.005850140248433888 -2.300520722066061 -1.318798844014303 2.3968450477696024e-05 0.25207141041755676 0.1904437243938446 -0.0 -0.049614693969488144 7.190534961409867e-05 0.0 0.16020395661018724 -0.7126713916363756 0.15535374536641644 2.196295106610078 0.10709989545695363 0.26991326604046456
4165.344 1.5448299646377563 -0.1931079069720667 -0.005886379872457326 -2.300953213368551 -1.3187626043902796 8.388957940042019e-05 0.2485048919916153 0.18392430245876312 -0.0 -0.054863784462213516 7.190534961409867e-05 0.0 0.16169635469834742 -0.7123779420288696 0.15444097977288207 2.1972907478049373 0.109216085358031 0.27129011942894155
4165.352 1.5467826128005981 -0.1915977636920374 -0.005850140248433888 -2.3014219442950647 -1.3187387625323694 4.793690095539205e-05 0.24660658836364746 0.18649372458457947 -0.0 -0.06699182093143463 7.190534961409867e-05 0.0 0.1630912044113968 -0.7121021900194329 0.15347772284265637 2.1983472566213824 0.11127817869947533 0.27253405365931493
4165.36 1.5487233400344849 -0.19007569948305303 -0.0058625380145471695 -2.3020461241351526 -1.3187387625323694 5.992112710373476e-05 0.24309760332107544 0.19475804269313812 -0.0 -0.0806778073310852 7.190534961409867e-05 0.0 0.16447022439654763 -0.7118414247998884 0.1525680770830123 2.1992206487093067 0.11328640568086319 0.27374342945126345
4165.3679999999995 1.5506523847579956 -0.18849307695497686 -0.005850140248433888 -2.3027666250811976 -1.3187745253192347 7.190534961409867e-05 0.24240732192993164 0.19548667967319489 -0.0 -0.09532252699136734 7.190534961409867e-05 0.0 0.16583095314021787 -0.7115877647640187 0.15162730218835865 2.2000860898922685 0.11526450572880838 0.2749036016435429
4165.376 1.5525331497192383 -0.18692332903017217 -0.005874458943502248 -2.303547207509176 -1.3187745253192347 4.793690095539205e-05 0.23939688503742218 0.1897534281015396 -0.0 -0.09793508797883987 7.190534961409867e-05 0.0 0.16716605000208393 -0.7113435529483401 0.15072978060223005 2.2008338779933188 0.11726331925687726 0.2760397680699446
4165.384 1.5543540716171265 -0.1853888670550745 -0.005850140248433888 -2.3043039480792444 -1.3187626043902796 8.388957940042019e-05 0.23533183336257935 0.18775925040245056 -0.0 -0.10177004337310791 7.190534961409867e-05 0.0 0.16846160486611636 -0.7111007188148349 0.14982860815003068 2.2016229614948237 0.11913418052459535 0.2771929434258059
4165.392 1.5561867952346802 -0.18384296098817998 -0.005850140248433888 -2.3051446119891565 -1.3187745253192347 4.793690095539205e-05 0.2287548929452896 0.18672381341457367 -0.0 -0.1041429191827774 7.190534961409867e-05 0.0 0.16975871223509995 -0.7108620826033389 0.14895134277985103 2.2023095776769437 0.1210965310514514 0.2782718883224879
4165.4 1.5580559968948364 -0.18241674104799444 -0.00583821931947881 -2.3059852758990687 -1.3187745253192347 7.190534961409867e-05 0.21991533041000366 0.1875866800546646 -0.0 -0.10018812119960785 7.190534961409867e-05 0.0 0.1710846178395814 -0.7106129122561714 0.14815360374458986 2.202893810903458 0.12305455434494186 0.2794023084753338
4165.407999999999 1.559852957725525 -0.1808703581439417 -0.005850140248433888 -2.3068254629718226 -1.3187626043902796 5.992112710373476e-05 0.2202221155166626 0.190117746591568 -0.0 -0.10658770054578781 7.190534961409867e-05 0.0 0.1723618993263711 -0.710372675689796 0.14728215214893509 2.2035674279727187 0.12496809708189867 0.280497229090953
4165.416 1.5616258382797241 -0.17934829393495733 -0.005898300801412404 -2.307666603718893 -1.3187626043902796 4.793690095539205e-05 0.2236352264881134 0.196617990732193 -0.0 -0.1137542650103569 4.793690095539205e-05 0.0 0.1736185887733023 -0.7101357712263734 0.14644450158882952 2.204180551636071 0.12685701101640057 0.28155634111178474
4165.424 1.5633751153945923 -0.17781430879701787 -0.005826298390523732 -2.3086512724505823 -1.3187626043902796 5.992112710373476e-05 0.2247665375471115 0.19721241295337677 -0.0 -0.13791446387767792 4.793690095539205e-05 0.0 0.17485819659785215 -0.7099063996565419 0.1455791268654973 2.2047842611882738 0.12869550237503333 0.2826130931144207
4165.432 1.5651121139526367 -0.17625648180116826 -0.0058625380145471695 -2.3098400274859827 -1.3187626043902796 7.190534961409867e-05 0.22210124135017395 0.19608110189437866 -0.0 -0.16828249394893646 4.793690095539205e-05 0.0 0.17608816787547787 -0.7096994518652182 0.14480029211505308 2.20510135551147 0.13055378480007573 0.2836241763530503
4165.44 1.5668973922729492 -0.174661938344137 -0.005874458943502248 -2.3112571875201624 -1.3187745253192347 5.992112710373476e-05 0.21983861923217773 0.19757673144340515 -0.0 -0.20116721093654633 4.793690095539205e-05 0.0 0.1773487198442299 -0.7095003103486386 0.14404252017522162 2.2052494985270528 0.13250405056922393 0.28461312197996835
4165.447999999999 1.5686942338943481 -0.17311603227724248 -0.0058625380145471695 -2.312962357197897 -1.3187626043902796 7.190534961409867e-05 0.21753765642642975 0.20237042009830475 -0.0 -0.23625701665878296 4.793690095539205e-05 0.0 0.17862310760395878 -0.7093194900002899 0.14338346374616934 2.2050865327587847 0.13448881702108167 0.28560751256392025
4165.456 1.5704315900802612 -0.1714261213885706 -0.005826298390523732 -2.314956013356344 -1.3187506834613245 5.992112710373476e-05 0.21847721934318542 0.20875561237335205 -0.0 -0.2616156339645386 4.793690095539205e-05 0.0 0.17985479489103812 -0.709169264491927 0.1426854561089273 2.2048006671347857 0.13644582581277967 0.2865399066684133
4165.464 1.572192907333374 -0.16979629198183233 -0.005826298390523732 -2.3171661535846155 -1.3187626043902796 5.992112710373476e-05 0.21590779721736908 0.2083721160888672 -0.0 -0.28618329763412476 4.793690095539205e-05 0.0 0.18109693234844765 -0.7090343784686024 0.14210192493469964 2.204207375658241 0.13843698864697224 0.28742637424757916
4165.472 1.5739059448242188 -0.16809398332704717 -0.005790535603658498 -2.319495503102438 -1.3187626043902796 9.58738019107841e-05 0.2101745456457138 0.20875561237335205 -0.0 -0.3046390116214752 4.793690095539205e-05 0.0 0.18230791242041222 -0.7089122146187379 0.14148142058330346 2.2036054498298765 0.14034141053555824 0.28831838690896117
4165.48 1.5755473375320435 -0.16637975374330694 -0.005826298390523732 -2.321669403706686 -1.3187745253192347 8.388957940042019e-05 0.20691484212875366 0.21573522686958313 -0.0 -0.31494542956352234 4.793690095539205e-05 0.0 0.18346515616390904 -0.7087901073237308 0.14084501542379363 2.2030932686597127 0.14220177254661379 0.2891435923855677
4165.487999999999 1.5772603750228882 -0.16465360323061162 -0.005826298390523732 -2.3244431654559534 -1.3187387625323694 4.793690095539205e-05 0.2035592496395111 0.22507333755493164 -0.0 -0.3315795361995697 4.793690095539205e-05 0.0 0.18468513353464036 -0.7087002446853006 0.14034072255518434 2.202022528747068 0.14425093476998657 0.2899792648005208
4165.496 1.5789258480072021 -0.1628802458392542 -0.0058625380145471695 -2.327181641255514 -1.3187506834613245 8.388957940042019e-05 0.2017376571893692 0.2214684784412384 -0.0 -0.34035199880599976 4.793690095539205e-05 0.0 0.18585918301383278 -0.7086163679438496 0.13980863774144414 2.2010116009545575 0.14613562125693935 0.29078283412017997
4165.504 1.5805069208145142 -0.16116601625551397 -0.005874458943502248 -2.3299792448626917 -1.3187626043902796 8.388957940042019e-05 0.2033291608095169 0.21247552335262299 -0.0 -0.3543016314506531 4.793690095539205e-05 0.0 0.18697366322579098 -0.7085493754908941 0.13932232629793007 2.199902557434889 0.14797505295480715 0.2915092384277079
4165.512 1.5820525884628296 -0.1594165007220667 -0.0058625380145471695 -2.332801167164938 -1.3187745253192347 9.58738019107841e-05 0.20472891628742218 0.21034711599349976 -0.0 -0.36012595891952515 4.793690095539205e-05 0.0 0.18806329111566916 -0.7084860865144613 0.13880594234610377 2.1988287688979424 0.14975665744603772 0.2922282012494668
4165.5199999999995 1.5836820602416992 -0.15766603151430303 -0.00583821931947881 -2.3356717268573206 -1.3187626043902796 7.190534961409867e-05 0.1972891092300415 0.21046216785907745 -0.0 -0.3525758981704712 4.793690095539205e-05 0.0 0.18921869363861762 -0.7084058235714031 0.13829655033233024 2.197709571061186 0.15168514036183162 0.2929971574212911
4165.528 1.58521568775177 -0.155952278767721 -0.00583821931947881 -2.338409725819723 -1.3187387625323694 4.793690095539205e-05 0.19099979102611542 0.2090432345867157 -0.0 -0.3339763879776001 4.793690095539205e-05 0.0 0.19030952933372813 -0.7083297150293251 0.13779062418448434 2.196660127673437 0.15350591685974638 0.2937359755315542
4165.536 1.5867488384246826 -0.15429813066591436 -0.00583821931947881 -2.340907398854391 -1.3187626043902796 7.190534961409867e-05 0.18524736166000366 0.20862139761447906 -0.0 -0.3080185651779175 4.793690095539205e-05 0.0 0.19138790391413563 -0.7082330863892066 0.13726251333104106 2.195800765418939 0.15522823006757078 0.29447207369749445
4165.544 1.5882465839385986 -0.1526559034930628 -0.005826298390523732 -2.343212906514303 -1.3187626043902796 3.5952674807049334e-05 0.17941823601722717 0.19669468700885773 -0.0 -0.28390631079673767 4.793690095539205e-05 0.0 0.19244752899456707 -0.7081216122442511 0.13668817647999204 2.1951206284623916 0.1569699785262485 0.29520547452911666
4165.552 1.5897202491760254 -0.15117007890810186 -0.005802456532613576 -2.3453148047076624 -1.3187745253192347 8.388957940042019e-05 0.17447113990783691 0.1791689544916153 -0.0 -0.24562868475914001 4.793690095539205e-05 0.0 0.1934871617323733 -0.7079966992159198 0.13616591349774448 2.1945114460846766 0.15858133530298565 0.29596743655470686
4165.5599999999995 1.5910980701446533 -0.14975530305971319 -0.00583821931947881 -2.347116295491354 -1.3187745253192347 8.388957940042019e-05 0.17245779931545258 0.1669546365737915 -0.0 -0.20670391619205475 4.793690095539205e-05 0.0 0.19446198298227277 -0.7078653331887014 0.13564450755302226 2.1940637546773107 0.16012945849713756 0.29668330075147914
4165.568 1.5923919677734375 -0.14848500887026006 -0.005790535603658498 -2.3485448996173304 -1.3187506834613245 3.5952674807049334e-05 0.1669546365737915 0.16081871092319489 -0.0 -0.15934225916862488 4.793690095539205e-05 0.0 0.19538359969031788 -0.7077122346412438 0.1350905505107958 2.1939171546342924 0.16162079930168965 0.29738964303185106
4165.576 1.593661904335022 -0.14725047746767217 -0.00583821931947881 -2.349661652241842 -1.3187626043902796 5.992112710373476e-05 0.1579616814851761 0.14649516344070435 -0.0 -0.11550396680831909 4.793690095539205e-05 0.0 0.19627872664818438 -0.7075427132671875 0.1345242403028874 2.193964082702292 0.16297043579128148 0.2981049617768672
4165.584 1.5948835611343384 -0.14615995088686162 -0.00583821931947881 -2.3504179159747522 -1.3187626043902796 7.190534961409867e-05 0.15249687433242798 0.125115305185318 -0.0 -0.07305584102869034 4.793690095539205e-05 0.0 0.197142588566414 -0.7073488461115913 0.13394465145945567 2.194270808669538 0.164262363939677 0.2988311519168216
4165.592 1.5960938930511475 -0.1452730337726038 -0.005826298390523732 -2.3508628050433558 -1.3187745253192347 4.793690095539205e-05 0.1465526968240738 0.1036587506532669 -0.0 -0.03755856305360794 4.793690095539205e-05 0.0 0.19799511581174856 -0.7071323304638454 0.13342287409021414 2.1946924259848553 0.16556509040504236 0.2995319957524329
4165.599999999999 1.597256064414978 -0.14448196092714483 -0.0058625380145471695 -2.350910488759176 -1.3187745253192347 9.58738019107841e-05 0.14018666744232178 0.08442647010087967 -0.0 -0.009251821786165237 4.793690095539205e-05 0.0 0.1988161795336358 -0.7068930360326656 0.13288920750850436 2.195375151520088 0.16672019718251357 0.300288585138165
4165.608 1.5983341932296753 -0.14383441606630498 -0.005826298390523732 -2.35071832338442 -1.3187506834613245 7.190534961409867e-05 0.1343575417995453 0.07096578925848007 -0.0 0.017976338043808937 4.793690095539205e-05 0.0 0.19958366201925298 -0.7066455150962061 0.13236227117094265 2.19621412043999 0.16786018639719089 0.3010037258668056
4165.616 1.599400520324707 -0.14330703416933233 -0.005814377461568654 -2.350562397633688 -1.3187626043902796 5.992112710373476e-05 0.12858594954013824 0.058943212032318115 -0.0 0.015243934467434883 4.793690095539205e-05 0.0 0.20033337721116387 -0.7064082695097935 0.13194026819343885 2.19687930454771 0.16897320540450003 0.3016580481221819
4165.624 1.6003952026367188 -0.14289981523622686 -0.005802456532613576 -2.3505142370807093 -1.3187626043902796 8.388957940042019e-05 0.12835584580898285 0.04868471622467041 -0.0 0.009803096763789654 4.793690095539205e-05 0.0 0.20103551737078926 -0.7061955561319924 0.13163230142768279 2.1973231437710936 0.1699973770671395 0.3022789388216844
4165.632 1.6014254093170166 -0.14252788225282842 -0.005814377461568654 -2.350502316151754 -1.3187387625323694 4.793690095539205e-05 0.11999564617872238 0.04256796836853027 -0.0 0.007190535310655832 4.793690095539205e-05 0.0 0.20176873945781815 -0.7059786159784656 0.13137108169096895 2.19765943373762 0.1711491261739545 0.3029012177741127
4165.639999999999 1.6023837327957153 -0.142252270375387 -0.00583821931947881 -2.3505142370807093 -1.3187387625323694 7.190534961409867e-05 0.11623739451169968 0.0322711206972599 -0.0 0.0038109836168587208 4.793690095539205e-05 0.0 0.20244495070153057 -0.7057816261133218 0.13118922637582306 2.1978773687701674 0.1721562268960476 0.3034752788400229
4165.648 1.603318214416504 -0.1420844236956995 -0.005874458943502248 -2.3505385557757776 -1.3187626043902796 3.5952674807049334e-05 0.11188472807407379 0.015550730749964714 -0.0 0.002588592702522874 4.793690095539205e-05 0.0 0.20309810647435733 -0.7055943122741241 0.13109212972509132 2.1979577297067565 0.17320275836086832 0.30396127160809067
4165.656 1.6041690111160278 -0.14201242128481084 -0.005898300801412404 -2.3505261580096644 -1.3187268416034144 4.793690095539205e-05 0.10559540241956711 0.007938350550830364 -0.0 0.0019414444686844945 4.793690095539205e-05 0.0 0.20370749660269027 -0.7054177681426842 0.13105037362765243 2.1979935061302824 0.1741424122506055 0.3044879871237872
4165.664 1.6050195693969727 -0.14201242128481084 -0.005898300801412404 -2.3505504767047327 -1.3187626043902796 8.388957940042019e-05 0.10177962481975555 0.0030871364288032055 -0.0 0.0015579493483528495 4.793690095539205e-05 0.0 0.20429822224181723 -0.7052486372550482 0.13105519414876138 2.1979565196910005 0.17502447215844763 0.30493944532990563
4165.672 1.6058225631713867 -0.14207250276674444 -0.005886379872457326 -2.350562397633688 -1.3187506834613245 9.58738019107841e-05 0.0910034105181694 0.0018024274613708258 -0.0 0.001318264752626419 4.793690095539205e-05 0.0 0.20486762471997566 -0.7050852391678906 0.13109594250047046 2.1978757854781774 0.17591020101494853 0.3053998225046135
4165.679999999999 1.6065531969070435 -0.14204818407167608 -0.0059464613543909195 -2.3505504767047327 -1.3187745253192347 9.58738019107841e-05 0.07282573729753494 0.0012847089674323797 -0.0 0.0011265171924605966 4.793690095539205e-05 0.0 0.2053765328113672 -0.7049386982140702 0.13110280946054942 2.1978351933320845 0.17670571572288624 0.305777617853259
4165.688 1.6071763038635254 -0.1420963446246546 -0.00600606599916631 -2.350622002278463 -1.3187029997455042 0.000107858024421148 0.062433019280433655 0.000997087568975985 -0.001294296351261437 0.0009827064350247383 4.793690095539205e-05 0.0 0.20583438165002677 -0.7048166908920156 0.13118669324783822 2.197633283303396 0.1774365322819587 0.30619017859236775
4165.696 1.6076797246932983 -0.14210826555360967 -0.006150070820943654 -2.350622002278463 -1.3187387625323694 7.190534961409867e-05 0.05811869725584984 0.0008053399506025016 -0.015843145549297333 0.0008868326549418271 4.793690095539205e-05 0.0 0.20617997423388207 -0.7047235789649086 0.13126143901958398 2.19746313255449 0.17802634179884516 0.3063935295654387
4165.704 1.6081587076187134 -0.14212066331972295 -0.006222073231832326 -2.350610081349508 -1.3187745253192347 5.992112710373476e-05 0.05414952337741852 0.0006711166352033615 -0.009347695857286453 0.0007909588748589158 4.793690095539205e-05 0.0 0.20650827490128068 -0.7046302633526096 0.13129955218643838 2.197380132994387 0.17855520162677632 0.3066060573954077
4165.7119999999995 1.6085658073425293 -0.14206058183778936 -0.006222073231832326 -2.3506463209735315 -1.3187506834613245 4.793690095539205e-05 0.04822452366352081 0.0005944175645709038 -0.008077368140220642 0.0007190534961409867 4.793690095539205e-05 0.0 0.20680126417137823 -0.7045465582405106 0.13126719423928657 2.1973878650588388 0.17902815772704225 0.3068549692210059
4165.72 1.6089376211166382 -0.14206058183778936 -0.0061982313739221695 -2.350598160420553 -1.3187506834613245 5.992112710373476e-05 0.04279806464910507 0.000517718552146107 -0.004026699811220169 0.0006471481756307185 4.793690095539205e-05 0.0 0.20706311800874733 -0.7044640489304097 0.13124346905483433 2.197450847615622 0.17941893261632644 0.3070768029057712
4165.728 1.6092967987060547 -0.1420844236956995 -0.006210152302877248 -2.350622002278463 -1.3187626043902796 7.190534961409867e-05 0.04019029811024666 0.00046019424917176366 -0.002684466540813446 0.0005992112564854324 4.793690095539205e-05 0.0 0.20731312973421911 -0.7043936504650883 0.1312717421497952 2.197384598531749 0.17980122606078106 0.3072637658822639
4165.736 1.6095484495162964 -0.1420367399798792 -0.006161991749898732 -2.350598160420553 -1.3187029997455042 7.190534961409867e-05 0.04316238686442375 0.0004218447138555348 -0.0020133499056100845 0.0005512743955478072 4.793690095539205e-05 0.0 0.20750565215885552 -0.7043318564141648 0.13121143953860254 2.197489527909293 0.18010066817299994 0.3074829656529142
4165.744 1.6098241806030273 -0.14204818407167608 -0.006126228963033498 -2.350610081349508 -1.3187506834613245 8.388957940042019e-05 0.04249126836657524 0.0003834952076431364 -0.0016058861510828137 0.0005273059359751642 4.793690095539205e-05 0.0 0.20768757810164024 -0.7042769516476124 0.13120386309336513 2.1975014151283814 0.18036452496797253 0.30759197474271294
4165.7519999999995 1.6101237535476685 -0.1420367399798792 -0.006186310444967091 -2.350610081349508 -1.3187506834613245 8.388957940042019e-05 0.03967257961630821 0.0003451456723269075 -0.001342233270406723 0.0004793690168298781 4.793690095539205e-05 0.0 0.2078985532625071 -0.7042178352717184 0.13122398592523554 2.1974444468118635 0.18069959477893818 0.3077533475655437
4165.76 1.6103869676589966 -0.14207250276674444 -0.006210152302877248 -2.350622002278463 -1.3187149206744593 7.190534961409867e-05 0.030775491148233414 0.0 -0.0011504855938255787 0.00045540055725723505 4.793690095539205e-05 0.0 0.20809319886387537 -0.704163913559421 0.13126524810578943 2.1973596754236158 0.18102961543113094 0.3079248746249016
4165.768 1.610650658607483 -0.14204818407167608 -0.0061982313739221695 -2.350622002278463 -1.3187626043902796 7.190534961409867e-05 0.024409469217061996 0.0 -0.0010066749528050423 0.00043143212678842247 4.793690095539205e-05 0.0 0.20826654575768855 -0.7041109148943574 0.13124033854550463 2.197393720539719 0.18129097116090584 0.30802305555092935
4165.776 1.610878348350525 -0.14204818407167608 -0.0061982313739221695 -2.350610081349508 -1.3187626043902796 0.000107858024421148 0.02323981001973152 0.0 -0.0008868326549418271 0.0004074636672157794 4.793690095539205e-05 0.0 0.20842683545115986 -0.7040624287327698 0.13123724267524928 2.197404461156652 0.18150192317545794 0.308171203060964
4165.784 1.6110461950302124 -0.14206058183778936 -0.006222073231832326 -2.3506344000445765 -1.3187745253192347 7.190534961409867e-05 0.02467791736125946 0.0 -0.0007909588748589158 0.0003834952076431364 4.793690095539205e-05 0.0 0.20854200304100112 -0.7040319334462499 0.13126310288492055 2.1973352359551814 0.18172544643786412 0.3082248040406593
4165.7919999999995 1.6112854480743408 -0.14206058183778936 -0.006210152302877248 -2.350622002278463 -1.3187387625323694 8.388957940042019e-05 0.021111411973834038 0.0 -0.0007190534961409867 0.00035952674807049334 4.793690095539205e-05 0.0 0.2087196312713333 -0.7039779538534064 0.1312557674374787 2.1973500791417706 0.18199395018597866 0.30840690035236196
4165.8 1.6113812923431396 -0.14206058183778936 -0.0061982313739221695 -2.3506344000445765 -1.3187268416034144 7.190534961409867e-05 0.016835439950227737 0.0 -0.0006711166352033615 0.00035952674807049334 4.793690095539205e-05 0.0 0.20879019767364426 -0.703957597889615 0.13125387606503067 2.1973435665859595 0.18211942202795114 0.30846671141915377
4165.808 1.6115374565124512 -0.1420367399798792 -0.006210152302877248 -2.350610081349508 -1.3187268416034144 9.58738019107841e-05 0.013633254915475845 0.0 -0.0005992112564854324 0.00033555831760168076 4.793690095539205e-05 0.0 0.20890005490447 -0.7039230217493058 0.1312361992164569 2.1973787222155345 0.18226224821222767 0.30857097372485653
4165.816 1.6116334199905396 -0.14204818407167608 -0.006210152302877248 -2.350586239491598 -1.3187626043902796 8.388957940042019e-05 0.011888351291418076 0.0 -0.0005752427969127893 0.00033555831760168076 4.793690095539205e-05 0.0 0.20895834845053154 -0.7039034236559303 0.1312366598150832 2.1973906141926585 0.1823605777990467 0.30857966171238504
4165.824 1.6117289066314697 -0.14202434221376592 -0.0061982313739221695 -2.350622002278463 -1.3187626043902796 8.388957940042019e-05 0.010795390233397484 0.0 -0.0005273059359751642 0.0003115898580290377 4.793690095539205e-05 0.0 0.2090256034059108 -0.7038854493370221 0.13122336836313628 2.197387807751264 0.1824657575495251 0.30863277222024715
4165.831999999999 1.6118007898330688 -0.14204818407167608 -0.006186310444967091 -2.350622002278463 -1.3187506834613245 7.190534961409867e-05 0.008666991256177425 0.0 -0.0005033374764025211 0.00028762139845639467 4.793690095539205e-05 0.0 0.20907929706908185 -0.7038694763199155 0.13123522743735194 2.197370588322687 0.18256597345195047 0.3086780364875048
4165.84 1.6118247509002686 -0.1420367399798792 -0.006161991749898732 -2.350586239491598 -1.3187745253192347 8.388957940042019e-05 0.0070946612395346165 0.0 -0.00045540055725723505 0.00028762139845639467 4.793690095539205e-05 0.0 0.2090899200698755 -0.7038612635882135 0.13120535672092076 2.1974457016447793 0.18255974526178273 0.30867961670491434
4165.848 1.611860752105713 -0.14200050035585576 -0.006150070820943654 -2.350598160420553 -1.3187387625323694 7.190534961409867e-05 0.0041609229519963264 0.0 -0.00043143212678842247 0.00028762139845639467 4.793690095539205e-05 0.0 0.209124458665405 -0.7038510510027891 0.13117854268798573 2.197474667719256 0.18262879473914956 0.30873638574008916
4165.856 1.6118366718292236 -0.14204818407167608 -0.00617391267885381 -2.350586239491598 -1.3187268416034144 8.388957940042019e-05 0.002837864449247718 0.0 -0.0004074636672157794 0.0002636529679875821 4.793690095539205e-05 0.0 0.20911062129944874 -0.7038565933148399 0.1312211024093648 2.1974164905118942 0.18260134672422826 0.30873634328081173
4165.864 1.6118366718292236 -0.14204818407167608 -0.0061982313739221695 -2.350574318562643 -1.3187387625323694 3.5952674807049334e-05 0.001725728390738368 0.0 -0.0003834952076431364 0.0002636529679875821 4.793690095539205e-05 0.0 0.20910753160438328 -0.7038576800502571 0.13122895073581847 2.1973982156673793 0.18264836155649217 0.30869511294922314
4165.871999999999 1.6118847131729126 -0.14204818407167608 -0.006161991749898732 -2.350610081349508 -1.3187387625323694 8.388957940042019e-05 0.0012271846644580364 0.0 -0.0003834952076431364 0.00023968450841493905 2.3968450477696024e-05 0.0 0.20914140746943166 -0.703848744760407 0.1312211873631402 2.1974046113240844 0.18264882069440183 0.3087486174482998
4165.88 1.611860752105713 -0.14202434221376592 -0.006150070820943654 -2.350586239491598 -1.3187387625323694 7.190534961409867e-05 0.0009587380336597562 0.0 -0.00035952674807049334 0.00023968450841493905 2.3968450477696024e-05 0.0 0.2091244613329118 -0.7038504973546619 0.131192416958994 2.1974628019542797 0.18263002635664605 0.30873513191348323
4165.888 1.6118487119674683 -0.14198857942690069 -0.00617391267885381 -2.350598160420553 -1.3187626043902796 3.5952674807049334e-05 0.0007861651829443872 0.0 -0.00033555831760168076 0.00023968450841493905 2.3968450477696024e-05 0.0 0.20910983207437936 -0.7038562010050047 0.1311802795495934 2.197460460479564 0.18264271172543062 0.30868198450439516
4165.896 1.611872673034668 -0.1419766584979456 -0.0061982313739221695 -2.350586239491598 -1.3187387625323694 7.190534961409867e-05 0.0006711166352033615 0.0 -0.00033555831760168076 0.00021571606339421123 2.3968450477696024e-05 0.0 0.20913281367312728 -0.7038497175973666 0.13118113635857778 2.197461985136541 0.18264299836799405 0.30874157938799196
4165.9039999999995 1.611860752105713 -0.14198857942690069 -0.006186310444967091 -2.350574318562643 -1.3187506834613245 5.992112710373476e-05 0.0005752427969127893 0.0 -0.0003115898580290377 0.00021571606339421123 2.3968450477696024e-05 0.0 0.20912133462823695 -0.7038515118685341 0.13118041900609467 2.1974737646865745 0.18263539007979643 0.3087164602399962
4165.912 1.6118847131729126 -0.1419766584979456 -0.006150070820943654 -2.350574318562643 -1.3187506834613245 5.992112710373476e-05 0.000517718552146107 0.0 -0.00028762139845639467 0.00021571606339421123 2.3968450477696024e-05 0.0 0.20913817323888861 -0.7038442197608019 0.13115488339129155 2.19752098497708 0.1826574154977074 0.30873510285520345
4165.92 1.611872673034668 -0.1419766584979456 -0.00617391267885381 -2.350562397633688 -1.3187387625323694 8.388957940042019e-05 0.00046019424917176366 0.0 7.190534961409867e-05 0.00021571606339421123 2.3968450477696024e-05 0.0 0.20913275562974099 -0.7038462567981787 0.13116350305113422 2.1975117477097537 0.18262559483114443 0.30875358364001937
4165.928 1.6118966341018677 -0.14200050035585576 -0.006113831196920216 -2.350610081349508 -1.3187268416034144 8.388957940042019e-05 0.0004026699753012508 0.0 7.190534961409867e-05 0.0001917476038215682 2.3968450477696024e-05 0.0 0.20915279955087804 -0.703841790103109 0.13116508565574003 2.1974982416859397 0.18265962406393393 0.3087788957343629
4165.936 1.611872673034668 -0.14198857942690069 -0.006101910267965138 -2.350574318562643 -1.3187626043902796 8.388957940042019e-05 0.0003834952076431364 0.0 7.190534961409867e-05 0.0001917476038215682 2.3968450477696024e-05 0.0 0.20912662250091002 -0.7038450526032258 0.1311402112201861 2.197562472558622 0.18260811647698347 0.30873263136281787
4165.9439999999995 1.6118847131729126 -0.14198857942690069 -0.006101910267965138 -2.350610081349508 -1.3187506834613245 7.190534961409867e-05 0.0003451456723269075 0.0 7.190534961409867e-05 0.0001917476038215682 2.3968450477696024e-05 0.0 0.20913824462628106 -0.7038449085880245 0.1311499961303999 2.197523288905966 0.18264421800794997 0.3087418687390268
4165.952 1.6118487119674683 -0.14200050035585576 -0.006150070820943654 -2.350598160420553 -1.3187745253192347 8.388957940042019e-05 0.00032597093377262354 0.0 7.190534961409867e-05 0.0001917476038215682 2.3968450477696024e-05 0.0 0.20910676421832192 -0.7038558813028386 0.13117704918714912 2.1974810634010815 0.18258269791621576 0.30869687070314245
4165.96 1.6118966341018677 -0.14200050035585576 -0.006113831196920216 -2.350586239491598 -1.3187387625323694 8.388957940042019e-05 0.00028762139845639467 0.0 7.190534961409867e-05 0.0001917476038215682 2.3968450477696024e-05 0.0 0.20914967663476247 -0.7038404647542139 0.1311583963665396 2.1975233713457327 0.1826509657733032 0.30876837122138684
4165.968 1.611872673034668 -0.14196473756899053 -0.006101910267965138 -2.350574318562643 -1.3187626043902796 5.992112710373476e-05 0.00026844663079828024 0.0 7.190534961409867e-05 0.00016777915880084038 2.3968450477696024e-05 0.0 0.2091265949920834 -0.703844556918785 0.13112324129607794 2.1975825314098354 0.1826320521296358 0.3087218583406017
4165.976 1.611872673034668 -0.14198857942690069 -0.006161991749898732 -2.350574318562643 -1.3187268416034144 5.992112710373476e-05 0.00024927189224399626 0.0 7.190534961409867e-05 0.00016777915880084038 2.3968450477696024e-05 0.0 0.20913586330517425 -0.7038461124459903 0.13116997289422883 2.1974948084839894 0.18265947708784375 0.30875211497706784
4165.9839999999995 1.6119205951690674 -0.1419766584979456 -0.006113831196920216 -2.350574318562643 -1.3187268416034144 9.58738019107841e-05 0.00024927189224399626 0.0 7.190534961409867e-05 0.00016777915880084038 2.3968450477696024e-05 0.0 0.20916956221906002 -0.7038331384827577 0.13113882870415436 2.19755869219096 0.1826675533568922 0.3088054372861073
4165.992 1.6119086742401123 -0.1419766584979456 -0.006101910267965138 -2.350586239491598 -1.3187268416034144 9.58738019107841e-05 0.0023968450259417295 0.0 7.190534961409867e-05 0.00016777915880084038 2.3968450477696024e-05 0.0 0.20916119252148901 -0.7038360109231112 0.13113631564295314 2.197559042296177 0.18265435837923125 0.308798801858965
4166.0 1.6119685173034668 -0.14198857942690069 -0.006113831196920216 -2.3505504767047327 -1.3187268416034144 9.58738019107841e-05 0.0023968450259417295 0.0 7.190534961409867e-05 0.00016777915880084038 2.3968450477696024e-05 0.0 0.20920325512282295 -0.7038212648845241 0.13114112237232503 2.1975691418715755 0.18271950282015964 0.3088334700419174
4166.008 1.6120169162750244 -0.1419284979449671 -0.006054226552144826 -2.350562397633688 -1.3187268416034144 7.190534961409867e-05 0.004870389122515917 0.0 7.190534961409867e-05 0.00016777915880084038 2.3968450477696024e-05 0.0 0.20923725316840927 -0.7038075885941603 0.13107341078693768 2.197671289023876 0.18278905165183523 0.30885883299345
4166.016 1.6120408773422241 -0.14194041887392217 -0.006054226552144826 -2.3505385557757776 -1.3187626043902796 9.58738019107841e-05 0.0057716029696166515 0.0 0.0006711166352033615 0.00014381069922819734 2.3968450477696024e-05 0.0 0.20924486141190754 -0.7038030399556251 0.13107421065828 2.197690324469941 0.1827686412172892 0.3088473789650692
4166.023999999999 1.612076759338379 -0.1419284979449671 -0.006017986928121388 -2.350562397633688 -1.3187626043902796 8.388957940042019e-05 0.005982525181025267 0.0 0.0006711166352033615 0.00014381069922819734 2.3968450477696024e-05 0.0 0.20927013822687826 -0.7037953432705008 0.13105486660506363 2.19771162789461 0.18281903035624533 0.30886334427617257
4166.032 1.612160325050354 -0.141916577016012 -0.006042305623189748 -2.3505385557757776 -1.3187387625323694 8.388957940042019e-05 0.006078398786485195 0.0 0.0006711166352033615 0.00014381069922819734 2.3968450477696024e-05 0.0 0.2093350416407654 -0.7037753303806884 0.13105262830933562 2.197717746667663 0.18292339416899972 0.3089374196712769
4166.04 1.6122082471847534 -0.14190465608705694 -0.006054226552144826 -2.3505504767047327 -1.3187387625323694 5.992112710373476e-05 0.00580995250493288 0.00015339808305725455 0.0006711166352033615 0.00014381069922819734 2.3968450477696024e-05 0.0 0.20936878353687458 -0.7037667679808545 0.13105284751218355 2.197700790550192 0.18300350155891185 0.308949403404767
4166.048 1.6122561693191528 -0.1418688933001917 -0.006017986928121388 -2.3505261580096644 -1.3187387625323694 9.58738019107841e-05 0.005407282616943121 0.00015339808305725455 0.0006711166352033615 0.00014381069922819734 2.3968450477696024e-05 0.0 0.20940240256640885 -0.7037518087938214 0.13100402828601726 2.197800748767704 0.183008265237386 0.3090066430917014
4166.056 1.6123040914535522 -0.14188081422914678 -0.005994145070211232 -2.3505504767047327 -1.3187268416034144 7.190534961409867e-05 0.006883739028126001 0.00015339808305725455 0.0006711166352033615 0.00014381069922819734 2.3968450477696024e-05 0.0 0.20943925708783176 -0.7037420491043875 0.1310081087302475 2.197781906906796 0.18309506182544524 0.30903180787072343
4166.063999999999 1.6123520135879517 -0.14185649553407842 -0.005982224141256154 -2.3505142370807093 -1.3187506834613245 7.190534961409867e-05 0.008532768115401268 0.001208009896799922 0.0006711166352033615 0.0 2.3968450477696024e-05 0.0 0.2094667257864108 -0.7037291867643355 0.1309747851455128 2.1978554271981903 0.18312827267044418 0.30904009527877624
4166.072 1.6124838590621948 -0.14182073274721319 -0.005982224141256154 -2.350502316151754 -1.3187626043902796 9.58738019107841e-05 0.010737866163253784 0.001208009896799922 0.0011025487910956144 0.0 2.3968450477696024e-05 0.0 0.2095563671683295 -0.7037005369865467 0.13094573741154042 2.197904057983639 0.18323661232549104 0.30911882591222667
4166.08 1.6125677824020386 -0.1418088118182581 -0.005970303212301076 -2.350502316151754 -1.3187506834613245 9.58738019107841e-05 0.014841264113783836 0.0024735440965741873 0.0011025487910956144 0.0 2.3968450477696024e-05 0.0 0.20961847737989253 -0.7036812536753845 0.13093214233798586 2.1979238912582244 0.18333362500979525 0.30918130158292034
4166.088 1.6127115488052368 -0.14178496996034795 -0.0059464613543909195 -2.350502316151754 -1.3187506834613245 5.992112710373476e-05 0.018426945433020592 0.005081311333924532 0.0011025487910956144 0.0 2.3968450477696024e-05 0.0 0.2097196031820862 -0.7036492667122802 0.1309039560336514 2.1979615456065558 0.18352726541806513 0.30924650615325117
4166.096 1.61284339427948 -0.14166528383363897 -0.005934063588277638 -2.3504660765277308 -1.3187268416034144 8.388957940042019e-05 0.02231942117214203 0.013364807702600956 0.0011025487910956144 0.0 2.3968450477696024e-05 0.0 0.2098182936932414 -0.7036136508304065 0.1308045245559278 2.1981260341792233 0.18364408924141268 0.3093777806820397
4166.103999999999 1.613082766532898 -0.14155751863588506 -0.00592214265932256 -2.350478474293844 -1.3187268416034144 9.58738019107841e-05 0.026250246912240982 0.01769830286502838 0.0011025487910956144 0.0 2.3968450477696024e-05 0.0 0.20998660664195426 -0.7035615457808129 0.13072543408632137 2.1982275204812387 0.18388507512657531 0.30952917726584184
4166.112 1.6132864952087402 -0.14140159288515264 -0.00592214265932256 -2.350478474293844 -1.3187268416034144 0.000107858024421148 0.03064126707613468 0.020842963829636574 0.0011025487910956144 0.0 2.3968450477696024e-05 0.0 0.21012975039828016 -0.7035154374302605 0.13061445560945947 2.1983784762997316 0.18408214555293878 0.30966593296300665
4166.12 1.6135385036468506 -0.14120990434755498 -0.005934063588277638 -2.350490395222799 -1.3187268416034144 4.793690095539205e-05 0.03309563547372818 0.020497819408774376 0.0011025487910956144 0.0 2.3968450477696024e-05 0.0 0.21030683515398624 -0.7034600899898491 0.13048672657517651 2.1985287490570005 0.18440995699173135 0.30979072568970145
4166.128 1.613837718963623 -0.14101773897279912 -0.005958382283345998 -2.350478474293844 -1.3187268416034144 7.190534961409867e-05 0.036201946437358856 0.026998061686754227 0.0011025487910956144 0.0 2.3968450477696024e-05 0.0 0.21051706101813897 -0.7033933265300898 0.13035830175477994 2.198702380321115 0.1846971729747576 0.3099897108088191
4166.1359999999995 1.6141732931137085 -0.14079028764833623 -0.005898300801412404 -2.350490395222799 -1.3187387625323694 9.58738019107841e-05 0.039576705545186996 0.029107285663485527 0.0009827064350247383 0.0 2.3968450477696024e-05 0.0 0.21074973346758863 -0.7033161370898668 0.13017075056624783 2.198971695235834 0.18500920992988523 0.31020611202297543
4166.144 1.6144604682922363 -0.14055043855776006 -0.005910221730367482 -2.3504660765277308 -1.318690601979391 3.5952674807049334e-05 0.04235704615712166 0.02834029495716095 0.0008868326549418271 0.0 2.3968450477696024e-05 0.0 0.21096375685343136 -0.7032457355142443 0.1300013570556873 2.19919913633113 0.18539484790547606 0.3104126618704916
4166.152 1.6148563623428345 -0.1403105894671839 -0.005898300801412404 -2.350490395222799 -1.318690601979391 5.992112710373476e-05 0.04623034596443176 0.027477432042360306 0.0008868326549418271 0.0 2.3968450477696024e-05 0.0 0.2112418975695958 -0.7031583548017722 0.12983135690683933 2.1994172093081783 0.18578446589445227 0.3106702987820027
4166.16 1.6152395009994507 -0.14005881944765264 -0.0058625380145471695 -2.350478474293844 -1.3187268416034144 8.388957940042019e-05 0.04906821250915527 0.02918398566544056 0.0008868326549418271 0.0 2.3968450477696024e-05 0.0 0.21150158110845835 -0.703071057034347 0.12963073703329359 2.1997115892564842 0.18613377765871147 0.31088853267478084
4166.168 1.6156229972839355 -0.13986713091005498 -0.005850140248433888 -2.350478474293844 -1.3187029997455042 8.388957940042019e-05 0.05194442719221115 0.03131238371133804 0.0033076461404561996 0.0 2.3968450477696024e-05 0.0 0.21177707435100854 -0.7029833376631694 0.12948947960390444 2.199900163613832 0.18655160460709244 0.31114971103151956
4166.1759999999995 1.6160304546356201 -0.13955527940859014 -0.005802456532613576 -2.3504541555987757 -1.3187029997455042 8.388957940042019e-05 0.053459230810403824 0.032041024416685104 0.0033076461404561996 0.0 2.3968450477696024e-05 0.0 0.21206299014308905 -0.7028850657563849 0.1292388004493777 2.2002697441071737 0.18696640797023012 0.3114170095365488
4166.184 1.6164494752883911 -0.13931590715517217 -0.0057786146747034195 -2.3504541555987757 -1.3187149206744593 8.388957940042019e-05 0.053593456745147705 0.031925976276397705 0.003067961661145091 0.0 2.3968450477696024e-05 0.0 0.21235408854252133 -0.7027901076674078 0.12905673000798018 2.2005202096987664 0.18739857277472083 0.311664495378793
4166.192 1.616881012916565 -0.13908797899355108 -0.00575429597963506 -2.3504303137408655 -1.318690601979391 7.190534961409867e-05 0.05108156055212021 0.0326162688434124 0.0028522456996142864 0.0 2.3968450477696024e-05 0.0 0.21266322330039528 -0.7026880541012681 0.12887791779024327 2.2007768915470356 0.18787670257506864 0.3119536760149524
4166.2 1.6173124313354492 -0.13881236711610967 -0.005706612263814748 -2.3504179159747522 -1.3187268416034144 8.388957940042019e-05 0.05113908648490906 0.03762087970972061 0.0028522456996142864 0.00045540055725723505 2.3968450477696024e-05 0.0 0.21295657942819884 -0.7025883946145978 0.12865461289140956 2.2011037752670437 0.18828979022867864 0.31219533640254105
4166.208 1.6177674531936646 -0.13844091096986944 -0.005622688923970998 -2.350370232258932 -1.318690601979391 7.190534961409867e-05 0.05127330869436264 0.0432199090719223 0.009299758821725845 0.006111954804509878 2.3968450477696024e-05 0.0 0.21328486890825984 -0.7024712244406975 0.1283399555552283 2.201584208150568 0.18878006732766622 0.3125346508645177
4166.215999999999 1.6181509494781494 -0.13809377351869756 -0.0055268446551721695 -2.3502257505999964 -1.3187029997455042 8.388957940042019e-05 0.05251966789364815 0.04473471641540527 0.012799153104424477 0.008269115351140499 2.3968450477696024e-05 0.0 0.21355009765943908 -0.7023635067662723 0.12800987219923754 2.202160423979978 0.1891314501034751 0.3128027573845205
4166.224 1.6185344457626343 -0.13772184053529912 -0.0053704420672815445 -2.3502381483661097 -1.3187029997455042 7.190534961409867e-05 0.052442967891693115 0.0452716089785099 0.023369239643216133 0.008077368140220642 2.3968450477696024e-05 0.0 0.2138188002709237 -0.7022645717254175 0.12767487687009255 2.202660149705212 0.18952179665484437 0.313063324107645
4166.232 1.618977427482605 -0.13731414476503545 -0.005119148884908498 -2.350154225026266 -1.3187149206744593 7.190534961409867e-05 0.04893398657441139 0.048953164368867874 0.03899667039513588 0.007454188074916601 2.3968450477696024e-05 0.0 0.2141257466524554 -0.702138342606247 0.12724436903830755 2.2033872805861443 0.18993874025656535 0.31337442466158644
4166.24 1.6193733215332031 -0.13699084917177373 -0.004735294972554982 -2.350142304097311 -1.3187268416034144 5.992112710373476e-05 0.04494563862681389 0.05426457151770592 0.057739999145269394 0.0041705104522407055 2.3968450477696024e-05 0.0 0.2143997630950414 -0.7020225222311751 0.1268302838420753 2.204090240099023 0.1903192573008301 0.3136502083727899
4166.248 1.6197324991226196 -0.13653546968568975 -0.0042679945575159195 -2.350142304097311 -1.3187506834613245 4.793690095539205e-05 0.04352670535445213 0.054322097450494766 0.06097573786973953 0.0027563718613237143 2.3968450477696024e-05 0.0 0.21464461857611447 -0.7019077229887689 0.12628560910165998 2.2049985714874127 0.19063438767241916 0.31391366958423794
4166.255999999999 1.6200799942016602 -0.13610345522035772 -0.0037043730365198257 -2.350154225026266 -1.3186786810504358 7.190534961409867e-05 0.04350753128528595 0.05923083424568176 0.061958447098731995 0.0020373184233903885 2.3968450477696024e-05 0.0 0.21490583231229277 -0.7017844261519568 0.1257194651808219 2.2059624096919324 0.1909445700346282 0.3143030907977094
4166.264 1.620427131652832 -0.1356123129474085 -0.003129307423726857 -2.350142304097311 -1.3187268416034144 3.5952674807049334e-05 0.04172427952289581 0.06463811546564102 0.09834255278110504 0.0016298546688631177 2.3968450477696024e-05 0.0 0.2151356184173071 -0.7016641651352864 0.12509468554989617 2.207025046942681 0.191246249853107 0.3145356026864707
4166.272 1.6207387447357178 -0.13507301012148076 -0.002385918294088185 -2.3501179854022425 -1.3187029997455042 7.190534961409867e-05 0.04247209429740906 0.06567355245351791 0.08293084055185318 0.0014620755100622773 2.3968450477696024e-05 0.0 0.21535861391433048 -0.7015333382010963 0.12435646317630925 2.2083197131414543 0.19144906602743192 0.3148920308299408
4166.28 1.621098279953003 -0.13450938860048467 -0.0017021338092249039 -2.350081745778219 -1.3187268416034144 4.793690095539205e-05 0.04295146465301514 0.07781117409467697 0.06771087646484375 0.0014620755100622773 2.3968450477696024e-05 0.0 0.2156028433113483 -0.7013963377846965 0.12362393641804792 2.2095857261515204 0.1917471329815202 0.3151859373703878
4166.288 1.621397852897644 -0.13385039964784795 -0.0011871496783655289 -2.350057903920309 -1.3187268416034144 5.992112710373476e-05 0.0431048609316349 0.09558618068695068 0.08170844614505768 0.003403519978746772 2.3968450477696024e-05 0.0 0.2158111152848211 -0.7012786788082246 0.12290717082068815 2.2107711383119817 0.1919593866016907 0.3154832696183124
4166.295999999999 1.6217330694198608 -0.1330474058734339 -0.0004914442645471695 -2.3500941435443323 -1.3187149206744593 4.793690095539205e-05 0.042759716510772705 0.10432986915111542 0.087269127368927 0.003403519978746772 2.3968450477696024e-05 0.0 0.21604705532528928 -0.7011415312200677 0.12201923454704425 2.2122138106042537 0.19222049996005447 0.3158276538833905
4166.304 1.6220210790634155 -0.13224441209901983 0.00025177001953125 -2.350069824849264 -1.3187149206744593 3.5952674807049334e-05 0.03898228704929352 0.09913351386785507 0.10332798957824707 0.003403519978746772 2.3968450477696024e-05 0.0 0.21624645325192443 -0.7010055131994525 0.12109296185661321 2.2137671161694072 0.19241376022161477 0.31614388073922867
4166.312 1.622308373451233 -0.13144094148744756 0.0010190010070800781 -2.350057903920309 -1.3187029997455042 8.388957940042019e-05 0.03507063537836075 0.09771458059549332 0.08321846276521683 0.002684466540813446 2.3968450477696024e-05 0.0 0.2164482945112962 -0.7008670858367134 0.12015892421569284 2.215340723690042 0.19254585530372187 0.31650672117998074
4166.32 1.6225959062576294 -0.13062650362123662 0.0016541481018066406 -2.349973980580465 -1.3187387625323694 4.793690095539205e-05 0.03472549095749855 0.11230657249689102 0.07485347241163254 0.0020133499056100845 2.3968450477696024e-05 0.0 0.21663784092475452 -0.7007319720998189 0.11925860563355165 2.216857696382088 0.19274950953373715 0.3167648793713468
4166.3279999999995 1.6228715181350708 -0.12961942354311162 0.0023016929626464844 -2.34998590150942 -1.3187149206744593 4.793690095539205e-05 0.03520486131310463 0.13163472712039948 0.09119995683431625 0.0019414444686844945 2.3968450477696024e-05 0.0 0.21683414480487498 -0.7005958721583685 0.11824292239059397 2.2184825698020454 0.1929221294778939 0.3171132113362808
4166.336 1.6231472492218018 -0.1285164991961878 0.0029850006103515625 -2.3499382177936 -1.3187387625323694 8.388957940042019e-05 0.03426529839634895 0.14896871149539948 0.09278187155723572 0.0019414444686844945 2.3968450477696024e-05 0.0 0.21701767432819194 -0.7004500400919754 0.11712508485119126 2.2203094764931937 0.19301275976673346 0.3174475410694727
4166.344 1.6234108209609985 -0.12737781206239873 0.0036568641662597656 -2.349973980580465 -1.3187029997455042 8.388957940042019e-05 0.03382427617907524 0.15245851874351501 0.09726397693157196 0.0041705104522407055 2.3968450477696024e-05 0.0 0.217208079048235 -0.7003083621188904 0.11601143219817436 2.222065037485796 0.19316664842606981 0.3178152687405273
4166.352 1.6236741542816162 -0.12615567842592412 0.004352092742919922 -2.3499382177936 -1.3187149206744593 7.190534961409867e-05 0.03158083185553551 0.15029177069664001 0.05644570291042328 0.0041705104522407055 2.3968450477696024e-05 0.0 0.2173854258889392 -0.700156573491972 0.11480724555119677 2.224002119052686 0.19329236488808593 0.31814116869735737
4166.36 1.6238902807235718 -0.12476474443544561 0.004687309265136719 -2.3499382177936 -1.3187387625323694 4.793690095539205e-05 0.02797597460448742 0.163982555270195 0.020013656467199326 0.0027563718613237143 2.3968450477696024e-05 0.0 0.21752684238057285 -0.7000356531062092 0.11366074207201159 2.225714171715883 0.19339118784357331 0.3183966732025775
4166.3679999999995 1.6240816116333008 -0.12335092226137334 0.004795074462890625 -2.349865738545553 -1.3187029997455042 4.793690095539205e-05 0.027036411687731743 0.19598522782325745 0.010018812492489815 0.0020373184233903885 2.3968450477696024e-05 0.0 0.21766617674230232 -0.699922400768496 0.11258866074462123 2.2272922140535822 0.1934795021393011 0.3187041200087152
4166.376 1.6243332624435425 -0.1216967741595667 0.004819393157958984 -2.3498056570636194 -1.3187268416034144 3.5952674807049334e-05 0.028263596817851067 0.2210082858800888 0.007789746392518282 0.0019414444686844945 2.3968450477696024e-05 0.0 0.21783188586461333 -0.6997957232771032 0.11138566648140646 2.229017579080356 0.19360303266519627 0.31898521920723844
4166.384 1.6245490312576294 -0.12000686327089483 0.004843235015869141 -2.3498175779925745 -1.3187387625323694 8.388957940042019e-05 0.029835926368832588 0.21966604888439178 0.006807039957493544 0.007717841304838657 2.3968450477696024e-05 0.0 0.21797556797684314 -0.6996794985660564 0.11017661820058283 2.230715833803592 0.1936292999500239 0.31928829742184656
4166.392 1.624800682067871 -0.11831695238222295 0.004759311676025391 -2.349841896687643 -1.3187268416034144 7.190534961409867e-05 0.03069879114627838 0.21305076777935028 0.0036911414936184883 0.004793690051883459 2.3968450477696024e-05 0.0 0.21815058606366605 -0.6995607969788494 0.10902236425401383 2.232280720723318 0.19378560157674526 0.3195920804572958
4166.4 1.6249680519104004 -0.11660224596132451 0.0048313140869140625 -2.349853817616598 -1.3187149206744593 9.58738019107841e-05 0.030909713357686996 0.211094930768013 0.002540655666962266 0.002996056340634823 2.3968450477696024e-05 0.0 0.2182660788580102 -0.6994448459946028 0.1077744353913798 2.234046569997269 0.19379069451936662 0.3198895131389715
4166.407999999999 1.6252081394195557 -0.11491233507265264 0.004819393157958984 -2.349829975758688 -1.3187626043902796 4.793690095539205e-05 0.03255874291062355 0.21282066404819489 0.0019174760673195124 0.002181129064410925 2.3968450477696024e-05 0.0 0.21841706104539194 -0.6993186108560842 0.1065717609311507 2.235732974691324 0.1939322621495387 0.3201125185744684
4166.416 1.6254713535308838 -0.11317426363100225 0.004795074462890625 -2.349853817616598 -1.3187506834613245 7.190534961409867e-05 0.03382427617907524 0.2166939675807953 0.0015579493483528495 0.0017257285071536899 2.3968450477696024e-05 0.0 0.21859944506962187 -0.6991846716668002 0.10535563845970239 2.2374113471950845 0.19405253862763555 0.32045193175000086
4166.424 1.6258069276809692 -0.11142474809755498 0.004771232604980469 -2.3498175779925745 -1.3187268416034144 4.793690095539205e-05 0.036316994577646255 0.22217795252799988 0.001294296351261437 0.0014141385909169912 2.3968450477696024e-05 0.0 0.21883503617238448 -0.699025464258905 0.10411645620269135 2.2391500228181243 0.1943080191434695 0.32082488883366017
4166.432 1.6261066198349 -0.10965091386903936 0.004735469818115234 -2.349853817616598 -1.3187626043902796 5.992112710373476e-05 0.035607531666755676 0.21897576749324799 0.0011265171924605966 0.0011984225129708648 2.3968450477696024e-05 0.0 0.21903027359111205 -0.6988827507541568 0.10288163687573743 2.240843052976861 0.19445662875083805 0.3211239350768535
4166.44 1.6263941526412964 -0.10791284242738897 0.004783153533935547 -2.349889580403463 -1.3187149206744593 2.3968450477696024e-05 0.037582531571388245 0.20146921277046204 0.0009827064350247383 0.0010306433541700244 2.3968450477696024e-05 0.0 0.2192381838811952 -0.6987302513273684 0.10163688729649603 2.2425666260421844 0.19468555985715602 0.3214893302478432
4166.447999999999 1.6267173290252686 -0.10631877580751592 0.004806995391845703 -2.349877659474508 -1.3187387625323694 7.190534961409867e-05 0.03994102403521538 0.18779760599136353 -0.0 0.0009108011145144701 2.3968450477696024e-05 0.0 0.21945274630476094 -0.6985769376680511 0.1004902996190388 2.2441917019221536 0.1948347207265887 0.32182564576688716
4166.456 1.6270532608032227 -0.10479671159853154 0.004783153533935547 -2.349841896687643 -1.3187268416034144 7.190534961409867e-05 0.040650490671396255 0.1947963833808899 -0.0 0.0008149273344315588 2.3968450477696024e-05 0.0 0.2196854791115616 -0.6984216725492522 0.09941272294640208 2.245708763094975 0.19507974803506536 0.3221731819954668
4166.464 1.6273765563964844 -0.10323840776552373 0.004771232604980469 -2.349841896687643 -1.3187387625323694 8.388957940042019e-05 0.04061214253306389 0.205284982919693 -0.0 0.0007430219557136297 2.3968450477696024e-05 0.0 0.21990309008742503 -0.6982697786468944 0.09831205208838255 2.2472434770757546 0.195283495663617 0.32249412697942703
4166.472 1.627724051475525 -0.10165578523744756 0.004783153533935547 -2.349877659474508 -1.3187506834613245 3.5952674807049334e-05 0.0431048609316349 0.20112405717372894 -0.0 0.0006711166352033615 2.3968450477696024e-05 0.0 0.22013742893545984 -0.6981111628526361 0.09719223278914818 2.248780009885972 0.1955806468825514 0.3227966983408716
4166.48 1.6281311511993408 -0.10015756288637334 0.004723072052001953 -2.3499138990985315 -1.3187268416034144 7.190534961409867e-05 0.044811416417360306 0.18208351731300354 -0.0 0.0006231797160580754 2.3968450477696024e-05 0.0 0.22042286008242706 -0.697945769696309 0.09616773810520855 2.250167806339218 0.19588455568387791 0.32319977599726807
4166.487999999999 1.6284550428390503 -0.09875518480409795 0.004795074462890625 -2.3499258200274866 -1.3187149206744593 5.992112710373476e-05 0.04711238667368889 0.16566993296146393 -0.0 0.0005752427969127893 2.3968450477696024e-05 0.0 0.2206468574981404 -0.6977901122188782 0.09514296298717674 2.251612148209147 0.1961373788843558 0.32352552345261554
4166.496 1.628790259361267 -0.09740096727480108 0.004759311676025391 -2.3499138990985315 -1.3187268416034144 7.190534961409867e-05 0.04724660888314247 0.1625252664089203 -0.0 0.0005512743955478072 2.3968450477696024e-05 0.0 0.2208728432063995 -0.6976411962119364 0.09419562125207402 2.2529313601142054 0.19637567817062823 0.3238291826699452
4166.504 1.6291618347167969 -0.09602290788759404 0.004759311676025391 -2.3499019781695765 -1.3187029997455042 3.5952674807049334e-05 0.04559757933020592 0.16614930331707 -0.0 0.0005033374764025211 2.3968450477696024e-05 0.0 0.22113303171233925 -0.6974761601092396 0.09321639226434944 2.2542966321217395 0.1967227341867554 0.32417278438972447
4166.512 1.6295932531356812 -0.0947039763080042 0.004759311676025391 -2.3499258200274866 -1.3187149206744593 8.388957940042019e-05 0.045463357120752335 0.16302381455898285 -0.0 0.0004793690168298781 2.3968450477696024e-05 0.0 0.22142598178726208 -0.6973060173636275 0.09228668639178839 2.2555836696265383 0.19703353107119143 0.324542096756404
4166.5199999999995 1.6299643516540527 -0.09344560304750615 0.004795074462890625 -2.3499382177936 -1.3187029997455042 8.388957940042019e-05 0.04647962003946304 0.14622671902179718 -0.0 0.00045540055725723505 2.3968450477696024e-05 0.0 0.22168289830171534 -0.6971457882031629 0.09138150090130154 2.2568484936462974 0.1973440609868491 0.32487932859559776
4166.528 1.6303359270095825 -0.09229499498476201 0.004759311676025391 -2.3499138990985315 -1.318690601979391 5.992112710373476e-05 0.04657549411058426 0.1342424899339676 -0.0 0.00043143212678842247 2.3968450477696024e-05 0.0 0.22194058853790943 -0.6969930300512243 0.09057685595331481 2.2579671433296813 0.19769553503689793 0.325190029141061
4166.536 1.6307073831558228 -0.09118014970888311 0.004759311676025391 -2.3499258200274866 -1.3187387625323694 5.992112710373476e-05 0.04605777561664581 0.13029249012470245 -0.0 0.0004074636672157794 2.3968450477696024e-05 0.0 0.22218271426493544 -0.6968462760635683 0.08978743942879543 2.2590610158967266 0.1979918422322448 0.3254406204608546
4166.544 1.6310548782348633 -0.09014970461000615 0.004759311676025391 -2.3499138990985315 -1.3187268416034144 8.388957940042019e-05 0.04753423109650612 0.12371554970741272 -0.0 0.0003834952076431364 2.3968450477696024e-05 0.0 0.22242366839190528 -0.696702690211456 0.08905457617161976 2.2600919684037235 0.19827137095909697 0.3257531359345365
4166.552 1.6314619779586792 -0.08916646638979131 0.004771232604980469 -2.3499019781695765 -1.3187387625323694 5.992112710373476e-05 0.047265782952308655 0.11614152044057846 -0.0 0.00035952674807049334 2.3968450477696024e-05 0.0 0.22270005936863854 -0.6965485576666254 0.08834860840706726 2.261080768430581 0.19866362426589582 0.3260409145628678
4166.5599999999995 1.6317975521087646 -0.08824330965151006 0.004783153533935547 -2.3499019781695765 -1.3187149206744593 8.388957940042019e-05 0.04609612375497818 0.10693763941526413 -0.0 0.00033555831760168076 2.3968450477696024e-05 0.0 0.2229359975499808 -0.6964122668061492 0.08768991884641487 2.262003696850979 0.19894602973603961 0.32634944527989007
4166.568 1.6322050094604492 -0.08738071123232061 0.004735469818115234 -2.3499019781695765 -1.3187387625323694 5.992112710373476e-05 0.04320073500275612 0.10764710605144501 -0.0 0.00033555831760168076 2.3968450477696024e-05 0.0 0.22321010629040575 -0.696271538623663 0.0870998011830956 2.2628023130692476 0.19935010486714796 0.32660410346145197
4166.576 1.632516622543335 -0.08658916154970342 0.004771232604980469 -2.3499138990985315 -1.3187029997455042 4.793690095539205e-05 0.0393466092646122 0.10636239498853683 -0.0 0.0003115898580290377 2.3968450477696024e-05 0.0 0.2234327606047892 -0.6961462387938026 0.08652692280530581 2.263599181989226 0.19966321880067958 0.32688238600296193
4166.584 1.6328521966934204 -0.08579856554140264 0.004771232604980469 -2.3499019781695765 -1.3187149206744593 8.388957940042019e-05 0.03704563528299332 0.09537525475025177 -0.0 0.0003115898580290377 2.3968450477696024e-05 0.0 0.22365978229356376 -0.6960189355957913 0.08596322141051926 2.264396305478895 0.19992620560592234 0.3271427071586435
4166.592 1.6331753730773926 -0.08504325548280889 0.004759311676025391 -2.3499019781695765 -1.3187387625323694 8.388957940042019e-05 0.03551165759563446 0.0850784108042717 -0.0 0.00028762139845639467 2.3968450477696024e-05 0.0 0.22387528904185444 -0.6958993353232394 0.08543258531050522 2.2651302862373934 0.2002147627568187 0.32735791133438036
4166.599999999999 1.6334394216537476 -0.08438426653017217 0.004759311676025391 -2.3499019781695765 -1.3187268416034144 9.58738019107841e-05 0.03447622060775757 0.07669904083013535 -0.0 0.00028762139845639467 2.3968450477696024e-05 0.0 0.22405914122403947 -0.6957955050175408 0.08496629133205985 2.2657796425133503 0.20044888753431145 0.3275806667554726
4166.608 1.6337146759033203 -0.0838082472430628 0.004759311676025391 -2.3499258200274866 -1.3187149206744593 7.190534961409867e-05 0.03533908352255821 0.07125341147184372 -0.0 0.0002636529679875821 2.3968450477696024e-05 0.0 0.22425122913378273 -0.6956969086967608 0.08456482873929354 2.266316052402453 0.2007458329158199 0.32777981717402327
4166.616 1.633954405784607 -0.08325702348817998 0.004783153533935547 -2.3499019781695765 -1.3187268416034144 7.190534961409867e-05 0.03449539467692375 0.06649807095527649 -0.0 0.0002636529679875821 2.3968450477696024e-05 0.0 0.22441221923804805 -0.6956021216229873 0.08415671234542972 2.26690714493893 0.20095935358050726 0.32795034949792096
4166.624 1.6342060565948486 -0.08272964159120733 0.004759311676025391 -2.3499019781695765 -1.3187029997455042 4.793690095539205e-05 0.03092888742685318 0.06346845626831055 -0.0 0.0002636529679875821 2.3968450477696024e-05 0.0 0.2245910358450406 -0.6955103734618019 0.08379535056322765 2.267394331000499 0.20124027057519742 0.3281457291608029
4166.632 1.6344692707061768 -0.08223849931825811 0.004783153533935547 -2.349889580403463 -1.318690601979391 8.388957940042019e-05 0.02726650983095169 0.055875252932310104 -0.0 0.00023968450841493905 2.3968450477696024e-05 0.0 0.22477484093948455 -0.6954134713861394 0.08343383216034544 2.267916424498765 0.2014591619213249 0.3283679345981851
4166.639999999999 1.634661078453064 -0.08183128038515264 0.004771232604980469 -2.3499019781695765 -1.3187029997455042 1.1984225238848012e-05 0.022108498960733414 0.05044879391789436 -0.0 0.00023968450841493905 2.3968450477696024e-05 0.0 0.2249032476783441 -0.6953456683547982 0.08315354454571937 2.268281507880698 0.2017181212933256 0.3284536122561564
4166.648 1.6348412036895752 -0.08144790330995733 0.004759311676025391 -2.349865738545553 -1.3187268416034144 7.190534961409867e-05 0.017909226939082146 0.05060219392180443 -0.0 0.00023968450841493905 2.3968450477696024e-05 0.0 0.22502042760146324 -0.6952776040389799 0.08287733989351309 2.2686953970007115 0.20180736160407078 0.32859168138523587
4166.656 1.6349846124649048 -0.08107597032655889 0.0047473907470703125 -2.349889580403463 -1.3187387625323694 7.190534961409867e-05 0.014879614114761353 0.04795607551932335 -0.0 0.00021571606339421123 2.3968450477696024e-05 0.0 0.22511548764950978 -0.6952240586257585 0.08262497264742964 2.2690275455522615 0.20193447247143106 0.3286855487111496
4166.664 1.6350924968719482 -0.08069211641420537 0.004759311676025391 -2.3499019781695765 -1.3187029997455042 5.992112710373476e-05 0.012041749432682991 0.044370394200086594 -0.0 0.00021571606339421123 2.3968450477696024e-05 0.0 0.22519785430713002 -0.6951710014513126 0.08235236353231463 2.2694000805828756 0.20205527661661413 0.3288135488498173
4166.672 1.635176420211792 -0.0803445021258753 0.004783153533935547 -2.3499019781695765 -1.3187387625323694 5.992112710373476e-05 0.009721603244543076 0.041014812886714935 -0.0 0.00021571606339421123 2.3968450477696024e-05 0.0 0.22524526967746103 -0.6951281832828687 0.08209348930288513 2.2697722683834978 0.2020994786838713 0.32885255952307324
4166.679999999999 1.6352243423461914 -0.0800092856036585 0.004723072052001953 -2.3499138990985315 -1.3187268416034144 3.5952674807049334e-05 0.00552233075723052 0.042222823947668076 -0.0 0.0001917476038215682 2.3968450477696024e-05 0.0 0.22528032454446656 -0.6950998788880345 0.08188762031263264 2.270027782534699 0.2021634971846634 0.3289038450577121
4166.688 1.6352602243423462 -0.07969743410219365 0.004759311676025391 -2.349877659474508 -1.3187268416034144 7.190534961409867e-05 0.0044293696992099285 0.04417864605784416 -0.0 0.0001917476038215682 2.3968450477696024e-05 0.0 0.22530342912993043 -0.6950628161447855 0.08164080000939329 2.2704161019467497 0.2021300002156202 0.3289786757888191
4166.696 1.6352123022079468 -0.07932550111879522 0.004771232604980469 -2.349889580403463 -1.3187149206744593 7.190534961409867e-05 0.002205097349360585 0.04688229039311409 -0.0 0.0001917476038215682 2.3968450477696024e-05 0.0 0.2252713976103918 -0.6950468630258035 0.0813754626007841 2.270787237537251 0.2020482008193006 0.3290030417892267
4166.704 1.6352003812789917 -0.07893020311464483 0.004735469818115234 -2.349877659474508 -1.3187387625323694 7.190534961409867e-05 0.0014764565275982022 0.04784102737903595 -0.0 0.0001917476038215682 2.3968450477696024e-05 0.0 0.22525515711944344 -0.6950252401433037 0.08110811348791695 2.2711611039889594 0.20198900507916376 0.3290052930713602
4166.7119999999995 1.6351643800735474 -0.07858306566347295 0.004795074462890625 -2.3499019781695765 -1.3187029997455042 5.992112710373476e-05 0.0010929612908512354 0.04350753128528595 -0.0 0.0001917476038215682 2.3968450477696024e-05 0.0 0.2252375164605679 -0.6950035413610305 0.08084239794807548 2.2715373553832254 0.2019458054462615 0.32905799609350667
4166.72 1.6351284980773926 -0.07824737230409795 0.0047473907470703125 -2.349877659474508 -1.3187387625323694 5.992112710373476e-05 0.0008820389630272985 0.03921238332986832 -0.0 0.00016777915880084038 2.3968450477696024e-05 0.0 0.22520182631565722 -0.6949919180209367 0.08061913458685162 2.2718544675753884 0.20185839757637677 0.32902841750483625
4166.728 1.6350924968719482 -0.07792359987367803 0.004759311676025391 -2.349853817616598 -1.3187268416034144 8.388957940042019e-05 0.0005560680292546749 0.03825364634394646 -0.0 0.00016777915880084038 2.3968450477696024e-05 0.0 0.22517810571720728 -0.6949724995763935 0.08037890735663764 2.2722168924585477 0.20176441756963107 0.32907049458787063
4166.736 1.635056495666504 -0.07756406465639287 0.004783153533935547 -2.349841896687643 -1.3187387625323694 7.190534961409867e-05 0.0005560680292546749 0.04182015359401703 -0.0 0.00016777915880084038 2.3968450477696024e-05 0.0 0.22514810902764698 -0.6949522296228401 0.08010974845625654 2.27261180932441 0.20169550281855347 0.329070008894207
4166.744 1.6350685358047485 -0.07725221315492803 0.004819393157958984 -2.349829975758688 -1.3187268416034144 2.3968450477696024e-05 0.0005560680292546749 0.04300898686051369 -0.0 0.00016777915880084038 2.3968450477696024e-05 0.0 0.22515779309602144 -0.6949217294590345 0.07986968385334715 2.2729609643097373 0.20173761408229518 0.32909972601242315
4166.7519999999995 1.635056495666504 -0.07694083849062139 0.004783153533935547 -2.3498175779925745 -1.3187387625323694 7.190534961409867e-05 0.0005560680292546749 0.03917403519153595 -0.0 0.0 2.3968450477696024e-05 0.0 0.22514490935506581 -0.6949048093895438 0.07966244334252147 2.27325777667998 0.2016376857021367 0.329132470752263
4166.76 1.6350325345993042 -0.07661658922304326 0.004795074462890625 -2.349853817616598 -1.3187387625323694 7.190534961409867e-05 0.0005560680292546749 0.03670049086213112 -0.0 0.0 2.3968450477696024e-05 0.0 0.22512680345116207 -0.6948895830054118 0.07943652132869347 2.2735577510787177 0.20158319615649492 0.3291487909696474
4166.768 1.6350685358047485 -0.07636529604067022 0.004806995391845703 -2.3498056570636194 -1.3187268416034144 8.388957940042019e-05 0.0005560680292546749 0.03604855015873909 -0.0 0.0 2.3968450477696024e-05 0.0 0.22515332408981376 -0.6948561935783826 0.07924151235562826 2.27386777565219 0.20158945421259006 0.3292176284365047
4166.776 1.6350445747375488 -0.07606536546816045 0.004806995391845703 -2.3497937361346644 -1.3187268416034144 5.992112710373476e-05 0.0005560680292546749 0.03376675397157669 -0.0 0.0 2.3968450477696024e-05 0.0 0.22513511909112296 -0.694838515292852 0.07902621553590375 2.27417557222766 0.20156130095408187 0.32922270783740504
4166.784 1.6350685358047485 -0.07580215135683233 0.004783153533935547 -2.3498175779925745 -1.3187387625323694 7.190534961409867e-05 0.0005560680292546749 0.030717965215444565 -0.0 0.0 2.3968450477696024e-05 0.0 0.2251476220859821 -0.6948195170356863 0.07885645953395837 2.2743933112210653 0.20154937040687662 0.32924843650710517
4166.7919999999995 1.6350924968719482 -0.07557422319521123 0.004806995391845703 -2.349757973347799 -1.3187149206744593 5.992112710373476e-05 0.0005368932615965605 0.02858956716954708 -0.0 0.0 2.3968450477696024e-05 0.0 0.22516882833411517 -0.6947872492612261 0.07867013193660191 2.274698196869211 0.20157524985600594 0.32931218538235807
4166.8 1.6350685358047485 -0.07532245317567998 0.004806995391845703 -2.3497217337237757 -1.3187506834613245 7.190534961409867e-05 0.0004793690168298781 0.029375731945037842 -0.0 0.0012463594321161509 2.3968450477696024e-05 0.0 0.22514155171335287 -0.6947727079841284 0.07848117111209038 2.2749926758784156 0.2014903343169852 0.32929288770576653
4166.808 1.6351044178009033 -0.07505828539003545 0.0048313140869140625 -2.349673573170797 -1.3187149206744593 7.190534961409867e-05 0.0004410194815136492 0.03117815963923931 -0.0 0.006591323763132095 2.3968450477696024e-05 0.0 0.2251739673286001 -0.6947353832780934 0.07827242221449215 2.275322967411 0.20152005587832328 0.329385125526453
4166.816 1.6350685358047485 -0.07480746904482061 0.004843235015869141 -2.349589172993795 -1.3187268416034144 7.190534961409867e-05 0.0003834952076431364 0.03190680220723152 -0.0 0.008676579222083092 2.3968450477696024e-05 0.0 0.2251442134517401 -0.6947155770286597 0.0780675736816883 2.2756718489588033 0.20144243948859472 0.32938651517198464
4166.824 1.6351044178009033 -0.07460338274110967 0.004771232604980469 -2.34957725206484 -1.3187506834613245 8.388957940042019e-05 0.00036432043998502195 0.029452431946992874 -0.0 0.006807039957493544 2.3968450477696024e-05 0.0 0.2251622210991977 -0.6946994429633216 0.07795250026955859 2.275819325568861 0.20144448162305248 0.3293978427438145
4166.831999999999 1.635056495666504 -0.07438785234560186 0.004806995391845703 -2.349565331135885 -1.3187268416034144 5.992112710373476e-05 0.00032597093377262354 0.024639567360281944 -0.0 0.0036911414936184883 2.3968450477696024e-05 0.0 0.2251337461447184 -0.6946880867525479 0.07778145808816077 2.2760764345101734 0.20140567279707888 0.3294131794058046
4166.84 1.6350685358047485 -0.07418376604189092 0.004806995391845703 -2.3495176474200647 -1.3187387625323694 4.793690095539205e-05 0.0003067961661145091 0.025675004348158836 -0.0 0.003571299137547612 2.3968450477696024e-05 0.0 0.22513776036400235 -0.6946658987627119 0.07762448262057738 2.2763266283619576 0.20140464895858987 0.32942395348843767
4166.848 1.6350445747375488 -0.07393247285951787 0.004855155944824219 -2.3494213263141077 -1.3187387625323694 7.190534961409867e-05 0.00028762139845639467 0.031063111498951912 -0.0 0.004769721534103155 2.3968450477696024e-05 0.0 0.22511912225734246 -0.6946377103504286 0.07740003974229313 2.2767262384186973 0.20131552228527178 0.32946250115798387
4166.856 1.6350685358047485 -0.07368022600282842 0.004806995391845703 -2.3493736425982874 -1.3187029997455042 7.190534961409867e-05 0.00026844663079828024 0.033613353967666626 -0.0 0.008197209797799587 2.3968450477696024e-05 0.0 0.22514358965406536 -0.694610461103486 0.07723356154410581 2.276972258056914 0.20133882782085394 0.3295401397627949
4166.864 1.6350445747375488 -0.07345277467836553 0.004783153533935547 -2.3492892424212855 -1.3187626043902796 8.388957940042019e-05 0.00024927189224399626 0.031254857778549194 -0.0 0.010426276363432407 2.3968450477696024e-05 0.0 0.22511013699757373 -0.6945959561056496 0.07705971000235588 2.2772696510417423 0.2012418738836921 0.3294935807368177
4166.871999999999 1.635056495666504 -0.07322484651674444 0.004819393157958984 -2.349217240010397 -1.3187387625323694 9.58738019107841e-05 0.00023009712458588183 0.029414081946015358 -0.0 0.010474213398993015 2.3968450477696024e-05 0.0 0.22512282719814874 -0.6945634151428228 0.07686458524795271 2.2776037161776848 0.20122469748448174 0.3295659929674085
4166.88 1.635056495666504 -0.07298499742616826 0.004819393157958984 -2.3491089979754847 -1.3187506834613245 9.58738019107841e-05 0.00023009712458588183 0.027899276465177536 -0.0 0.011145330034196377 2.3968450477696024e-05 0.0 0.2251179503908757 -0.6945344677430856 0.07666709920810483 2.2779524022405533 0.20118811621416238 0.32958616812444114
4166.888 1.635056495666504 -0.07275754610170537 0.004806995391845703 -2.349013153706686 -1.3187268416034144 9.58738019107841e-05 0.0002109223569277674 0.028244422748684883 -0.0 0.015843145549297333 2.3968450477696024e-05 0.0 0.22512242396405016 -0.6945065115197316 0.07648891770900762 2.278259609388214 0.20117306617418113 0.3296436447158153
4166.896 1.6350924968719482 -0.07253009477724248 0.004855155944824219 -2.3488691488849085 -1.3187268416034144 9.58738019107841e-05 0.0001917476038215682 0.030794665217399597 -0.0 0.020900489762425423 2.3968450477696024e-05 0.0 0.22514527041340787 -0.6944610654521632 0.07626941445880846 2.2786770315040896 0.20117789395190425 0.329703308159495
4166.9039999999995 1.6350445747375488 -0.07228976884950811 0.004819393157958984 -2.3486531416522425 -1.3187268416034144 5.992112710373476e-05 0.0001917476038215682 0.03345995768904686 -0.0 0.023393208160996437 2.3968450477696024e-05 0.0 0.2251097141320989 -0.6944335309005941 0.07606166935750404 2.2790919659601716 0.2011274020963703 0.32970076435065515
4166.912 1.6350804567337036 -0.07202607790102178 0.004806995391845703 -2.3484609762774866 -1.3187387625323694 8.388957940042019e-05 0.0001917476038215682 0.0348980650305748 -0.0 0.02305764891207218 2.3968450477696024e-05 0.0 0.22512920612320936 -0.694386481520474 0.07583201543218271 2.2795387098678437 0.2010967442022782 0.32976138692348117
4166.92 1.635056495666504 -0.07175046602358037 0.004806995391845703 -2.3483288923846644 -1.3187506834613245 4.793690095539205e-05 0.00017257283616345376 0.03326820954680443 -0.0 0.019222697243094444 2.3968450477696024e-05 0.0 0.2251073548251171 -0.6943573015527627 0.07560330167754604 2.279941509926147 0.20106825201720463 0.32975625693672456
4166.928 1.6350685358047485 -0.07148677507509404 0.004806995391845703 -2.3482206503497522 -1.3187268416034144 9.58738019107841e-05 0.00017257283616345376 0.03633617237210274 -0.0 0.014213290996849537 2.3968450477696024e-05 0.0 0.2251198619880904 -0.6943210610847973 0.0753906788515524 2.2803173469853575 0.20100723430952186 0.32985080890311735
4166.936 1.6350445747375488 -0.07118779817690069 0.004806995391845703 -2.34811240831484 -1.3187387625323694 8.388957940042019e-05 0.00015339808305725455 0.04122573509812355 -0.0 0.011073424480855465 2.3968450477696024e-05 0.0 0.22509801221887668 -0.6942925500868862 0.07515146304156328 2.280723737579536 0.20095138958056144 0.3298580013003033
4166.9439999999995 1.6350804567337036 -0.07079154649843389 0.004806995391845703 -2.34808856645693 -1.3187149206744593 7.190534961409867e-05 0.00015339808305725455 0.04337330907583237 -0.0 0.009635317139327526 2.3968450477696024e-05 0.0 0.2251268321208887 -0.6942498502013377 0.07486633177463231 2.2811367224850105 0.20098062663663366 0.3299382112402215
4166.952 1.635056495666504 -0.07046825090517217 0.004819393157958984 -2.3480165640460413 -1.3187149206744593 4.793690095539205e-05 0.00015339808305725455 0.043833501636981964 -0.0 0.007430219557136297 2.3968450477696024e-05 0.0 0.22510804983053162 -0.6942212757439583 0.07461385278581983 2.281540095381392 0.20094418941419465 0.32995284967466965
4166.96 1.6350804567337036 -0.07012063661684209 0.004783153533935547 -2.3479445616351526 -1.3187387625323694 0.000107858024421148 0.00013422331539914012 0.045520879328250885 -0.0 0.005177185405045748 2.3968450477696024e-05 0.0 0.2251164901639965 -0.6941861749085362 0.07436565510864929 2.2819348750716255 0.2008572749165469 0.3300059289196954
4166.968 1.6350445747375488 -0.06974918047060186 0.004843235015869141 -2.3479326407061976 -1.3187149206744593 8.388957940042019e-05 0.00013422331539914012 0.04970097914338112 -0.0 0.004386226646602154 2.3968450477696024e-05 0.0 0.2250954151448812 -0.6941568044207613 0.07407322247352499 2.2823713672770376 0.2008158492690819 0.3300451562253619
4166.976 1.6350685358047485 -0.06929332414735967 0.004843235015869141 -2.3479564825641077 -1.3187626043902796 7.190534961409867e-05 0.00013422331539914012 0.05158010497689247 -0.0 0.004386226646602154 2.3968450477696024e-05 0.0 0.2250975300942497 -0.6941217247669479 0.07375467219174614 2.2828054058260796 0.20079337983908793 0.3300381053166483
4166.9839999999995 1.6350804567337036 -0.06894570985902959 0.004806995391845703 -2.347908322011129 -1.3187149206744593 5.992112710373476e-05 0.00013422331539914012 0.052327919751405716 -0.0 0.0029241510201245546 2.3968450477696024e-05 0.0 0.2251160683654322 -0.6940868744020593 0.07351581003246782 2.283155809260097 0.20081275198886941 0.330127403413121
4166.992 1.6350445747375488 -0.06847840944399053 0.004819393157958984 -2.3479445616351526 -1.3187387625323694 4.793690095539205e-05 0.00013422331539914012 0.054916512221097946 -0.0 0.002157160546630621 2.3968450477696024e-05 0.0 0.22508270006242054 -0.6940626950375328 0.07318765945535428 2.2836002022161326 0.20073270854595582 0.330117844633657
4167.0 1.6350445747375488 -0.06805926958192998 0.004771232604980469 -2.3479445616351526 -1.3187506834613245 3.5952674807049334e-05 0.00011504856229294091 0.05585607513785362 -0.0 0.001701759989373386 2.3968450477696024e-05 0.0 0.22507759892991971 -0.6940351328055838 0.07291311147864601 2.283969720135567 0.2007064728273764 0.33013348278458277
4167.008 1.6350685358047485 -0.06756717363466436 0.004795074462890625 -2.3479207197772425 -1.3187268416034144 4.793690095539205e-05 0.00011504856229294091 0.059077437967061996 -0.0 0.001390170189552009 2.3968450477696024e-05 0.0 0.22509746030343777 -0.6939843248057106 0.07254928267059405 2.2845065362353605 0.20068403312710306 0.33023148050584
4167.016 1.6350685358047485 -0.06707603136171514 0.004735469818115234 -2.3479326407061976 -1.3187387625323694 5.992112710373476e-05 0.00011504856229294091 0.06277816742658615 -0.0 0.0011984225129708648 2.3968450477696024e-05 0.0 0.22509206796677605 -0.6939532135365749 0.07223215851480398 2.2849286453015702 0.20062599954065422 0.33026409349494423
4167.023999999999 1.6350685358047485 -0.06660873094667608 0.004806995391845703 -2.3479207197772425 -1.3187387625323694 7.190534961409867e-05 0.00011504856229294091 0.062011174857616425 -0.0 0.0010306433541700244 2.3968450477696024e-05 0.0 0.2250891591522451 -0.6939077117422126 0.0718656775576797 2.285480065004451 0.20056297973167045 0.3303234679159431
4167.032 1.6350445747375488 -0.06600934663881475 0.0048313140869140625 -2.3479207197772425 -1.3187626043902796 8.388957940042019e-05 0.00011504856229294091 0.06626797467470169 -0.0 0.0009108011145144701 2.3968450477696024e-05 0.0 0.22506304500200905 -0.6938643091509997 0.07142962909786481 2.2861079446914303 0.20045332381555467 0.33034989250916474
4167.04 1.6350685358047485 -0.06550580659975225 0.004819393157958984 -2.3479326407061976 -1.3187268416034144 5.992112710373476e-05 9.58738019107841e-05 0.06814710050821304 -0.0 0.0008149273344315588 0.0 0.0 0.2250862026877373 -0.6938184736457351 0.07108390586370471 2.286577279694057 0.20048272194104413 0.33043701136918363
4167.048 1.6350924968719482 -0.06493026414980108 0.004819393157958984 -2.347968403493063 -1.3187626043902796 7.190534961409867e-05 9.58738019107841e-05 0.06555850803852081 -0.0 0.0007430219557136297 0.0 0.0 0.22509068673529128 -0.69377287906188 0.07068444257788019 2.287121443731443 0.20042924450851782 0.3304661737922169
4167.056 1.6350445747375488 -0.06437904039491826 0.004783153533935547 -2.3479207197772425 -1.3187506834613245 8.388957940042019e-05 9.58738019107841e-05 0.06851141899824142 -0.0 0.0006711166352033615 0.0 0.0 0.22505734076900585 -0.6937363268445162 0.07030028516225473 2.287684781204873 0.20031576528428946 0.33051543450396054
4167.063999999999 1.6350924968719482 -0.0638039747821253 0.004806995391845703 -2.3479445616351526 -1.3187387625323694 7.190534961409867e-05 9.58738019107841e-05 0.06927841156721115 -0.0 0.0006231797160580754 0.0 0.0 0.22509047887364877 -0.6936780907849444 0.06988938899584506 2.2882534766551763 0.2003383445010368 0.33060288846124997
4167.072 1.6351044178009033 -0.06321651140321904 0.004795074462890625 -2.3479326407061976 -1.3187268416034144 4.793690095539205e-05 9.58738019107841e-05 0.0710424855351448 -0.0 0.0005752427969127893 0.0 0.0 0.22509851112192977 -0.6936262418370639 0.06947737102882189 2.288833611895434 0.20033213201411681 0.3306668128471722
4167.08 1.6350445747375488 -0.06266528764833623 0.004806995391845703 -2.3479445616351526 -1.3187506834613245 5.992112710373476e-05 9.58738019107841e-05 0.06837719678878784 -0.0 0.0005273059359751642 0.0 0.0 0.22504781254634898 -0.6935959835253206 0.0690842465843847 2.2893902868978504 0.20018744595562943 0.33066767975719896
4167.088 1.6350924968719482 -0.062065903340474904 0.004819393157958984 -2.3479207197772425 -1.3187626043902796 7.190534961409867e-05 9.58738019107841e-05 0.06647889316082001 -0.0 0.0005033374764025211 0.0 0.0 0.22507442663422397 -0.6935324168544925 0.06864850267760017 2.290026395154237 0.2001654202415195 0.3307459021171145
4167.096 1.6351044178009033 -0.06152660051454717 0.004795074462890625 -2.3479564825641077 -1.3187626043902796 7.190534961409867e-05 9.58738019107841e-05 0.06847307085990906 -0.0 0.0004793690168298781 0.0 0.0 0.22507995148817042 -0.6934912240523585 0.06828771469497538 2.2905041000556783 0.20013520829968257 0.33079783685515657
4167.103999999999 1.6351044178009033 -0.060962978993551076 0.004819393157958984 -2.3479445616351526 -1.3187745253192347 7.190534961409867e-05 7.669904152862728e-05 0.0688757374882698 -0.0 0.00045540055725723505 0.0 0.0 0.22507351344360654 -0.6934410997548963 0.06787475518214137 2.2911039611752115 0.20007485535395036 0.330841779831637
4167.112 1.6350325345993042 -0.06039935747255498 0.004771232604980469 -2.347968403493063 -1.3187626043902796 8.388957940042019e-05 7.669904152862728e-05 0.06851141899824142 -0.0 0.00043143212678842247 0.0 0.0 0.22502385839390773 -0.6934165774616585 0.06750544426245352 2.291597142733096 0.1999393171430409 0.33087170124541054
4167.12 1.635056495666504 -0.059896294270650685 0.0047473907470703125 -2.347980324422018 -1.3187268416034144 4.793690095539205e-05 7.669904152862728e-05 0.06034297123551369 -0.0 0.0004074636672157794 0.0 0.0 0.22504693879649934 -0.6933700608377076 0.06716580063188786 2.2920520805271005 0.1999832849651884 0.33095148855036366
4167.128 1.635056495666504 -0.05945283571352178 0.0047473907470703125 -2.347968403493063 -1.3187626043902796 8.388957940042019e-05 7.669904152862728e-05 0.05374685302376747 -0.0 0.0003834952076431364 0.0 0.0 0.22503514736294586 -0.693333513912929 0.06684793148065837 2.2925168538188574 0.19988282697031817 0.3309724599747746
4167.1359999999995 1.6350924968719482 -0.058997456227437794 0.004771232604980469 -2.347968403493063 -1.3187626043902796 8.388957940042019e-05 7.669904152862728e-05 0.055817726999521255 -0.0 0.00035952674807049334 0.0 0.0 0.2250573710936789 -0.6932842761053921 0.06651527702544453 2.2929938161165526 0.1998807958565131 0.331036969614005
4167.144 1.6350325345993042 -0.05853015581239873 0.004806995391845703 -2.3479445616351526 -1.3187268416034144 4.793690095539205e-05 7.669904152862728e-05 0.05627791956067085 -0.0 0.00033555831760168076 0.0 0.0 0.2250219698139514 -0.6932492002240868 0.06616442139834927 2.293510719357908 0.19982313491046597 0.33107976035485864
4167.152 1.6350685358047485 -0.058098618184224904 0.004759311676025391 -2.3479326407061976 -1.3187506834613245 7.190534961409867e-05 7.669904152862728e-05 0.05248131975531578 -0.0 0.00033555831760168076 0.0 0.0 0.22503845027245317 -0.6932091497860696 0.06587765087216398 2.2939114621364136 0.19978903456496724 0.3311208604239342
4167.16 1.6350445747375488 -0.05769092241396123 0.004806995391845703 -2.347968403493063 -1.3187745253192347 8.388957940042019e-05 7.669904152862728e-05 0.042395394295454025 -0.0 0.0003115898580290377 0.0 0.0 0.2250133348191536 -0.693180261138052 0.06557551207159479 2.294335741048292 0.19969737205711705 0.33112751130326445
4167.168 1.6350804567337036 -0.057390991841451466 0.004783153533935547 -2.3479564825641077 -1.3187387625323694 8.388957940042019e-05 7.669904152862728e-05 0.035166509449481964 -0.0 0.0003115898580290377 0.0 0.0 0.2250456664430063 -0.6931450063471621 0.06537345596532607 2.2946175690648665 0.19973054233061124 0.331214721333455
4167.1759999999995 1.6350325345993042 -0.057079617177144826 0.0048313140869140625 -2.347968403493063 -1.3187506834613245 5.992112710373476e-05 7.669904152862728e-05 0.03207937255501747 -0.0 0.00028762139845639467 0.0 0.0 0.22500741506136632 -0.6931261098522503 0.06513373432834367 2.2949631608609593 0.1996650267085488 0.3311976147371666
4167.184 1.6351044178009033 -0.05680400529970342 0.004783153533935547 -2.3479326407061976 -1.3187506834613245 4.793690095539205e-05 7.669904152862728e-05 0.029394907876849174 -0.0 0.00028762139845639467 0.0 0.0 0.2250556328196299 -0.6930868846309421 0.06495248527633962 2.2952215523656423 0.19973766886110128 0.33125347581539294
4167.192 1.635056495666504 -0.05663615862001592 0.004795074462890625 -2.3479207197772425 -1.3187387625323694 5.992112710373476e-05 5.752428114647046e-05 0.029931800439953804 -0.0 0.0002636529679875821 0.0 0.0 0.2250243653238339 -0.6930797409463375 0.06482604575770844 2.2954147666741953 0.19965737888013446 0.33126729668604804
4167.2 1.6350804567337036 -0.056420151387349904 0.004819393157958984 -2.3479445616351526 -1.3187387625323694 5.992112710373476e-05 5.752428114647046e-05 0.02774587832391262 -0.0 0.0002636529679875821 0.0 0.0 0.2250397237183492 -0.6930557772755285 0.06466824359083359 2.2956300048202616 0.19966519831389878 0.33130031794827064
4167.208 1.6350924968719482 -0.05621654192079717 0.004795074462890625 -2.3479564825641077 -1.3187864462481897 9.58738019107841e-05 5.752428114647046e-05 0.021859226748347282 -0.0 0.0002636529679875821 0.0 0.0 0.22503481370525652 -0.6930423056723052 0.06453648338130841 2.295808598659234 0.1995984853299611 0.3312857683094032
4167.215999999999 1.6350445747375488 -0.056072537099019826 0.004795074462890625 -2.3479564825641077 -1.3187626043902796 5.992112710373476e-05 5.752428114647046e-05 0.014822090044617653 -0.0 0.00023968450841493905 0.0 0.0 0.2250068661066264 -0.6930389433749782 0.06443593547922115 2.295944638907085 0.19958312238577253 0.33128419106144474
4167.224 1.6350445747375488 -0.055976692830221 0.0048313140869140625 -2.3479207197772425 -1.3187745253192347 5.992112710373476e-05 5.752428114647046e-05 0.011293933726847172 -0.0 0.00023968450841493905 0.0 0.0 0.22500286886174037 -0.6930236176676745 0.06434202040613865 2.296113530584212 0.19956223699590683 0.33128674829508153
4167.232 1.6349966526031494 -0.055820767079488576 0.004806995391845703 -2.3479445616351526 -1.3187387625323694 8.388957940042019e-05 5.752428114647046e-05 0.01459199283272028 -0.0 0.00023968450841493905 0.0 0.0 0.22497815722393588 -0.6930235750560372 0.06425082116355728 2.296222127861401 0.1994874521967829 0.3313259656249623
4167.24 1.6350206136703491 -0.05571347871889287 0.004783153533935547 -2.3479326407061976 -1.318798844014303 7.190534961409867e-05 5.752428114647046e-05 0.019769178703427315 -0.0 0.00021571606339421123 0.0 0.0 0.22497875563247544 -0.6930138528266938 0.06418031186894747 2.2963219279301206 0.19948974955391646 0.3312718394905272
4167.248 1.6350325345993042 -0.05559379259218389 0.004783153533935547 -2.3479326407061976 -1.3187626043902796 8.388957940042019e-05 5.752428114647046e-05 0.01859951764345169 -0.0 0.00021571606339421123 0.0 0.0 0.22499560333708435 -0.6929982858834085 0.06409752063282538 2.2964385319692173 0.19949717155566254 0.33133737088172865
4167.255999999999 1.6349966526031494 -0.055449787770406544 0.004806995391845703 -2.3479326407061976 -1.3187626043902796 4.793690095539205e-05 5.752428114647046e-05 0.014687865972518921 -0.0 0.00021571606339421123 0.0 0.0 0.22496977248104497 -0.6929912922624674 0.06398483534045474 2.29660092718543 0.19948159610929556 0.3313168192398014
4167.264 1.6349726915359497 -0.05537778535951787 0.004819393157958984 -2.347908322011129 -1.3187268416034144 7.190534961409867e-05 5.752428114647046e-05 0.009817477315664291 -0.0 0.0001917476038215682 0.0 0.0 0.22496171717933866 -0.6929839708767862 0.06392388313226911 2.2967097412663797 0.1994349082579284 0.3313686545185255
4167.272 1.6349366903305054 -0.05524570146669561 0.004806995391845703 -2.3479207197772425 -1.3187745253192347 7.190534961409867e-05 5.752428114647046e-05 0.009395632892847061 -0.0 0.0001917476038215682 0.0 0.0 0.22492388013535244 -0.6929862909488538 0.0638372319066189 2.296823722714391 0.19935933475735834 0.3313054121304794
4167.28 1.6349366903305054 -0.05514985719789678 0.0048313140869140625 -2.3479207197772425 -1.3187745253192347 5.992112710373476e-05 5.752428114647046e-05 0.011466506868600845 -0.0 0.0001917476038215682 0.0 0.0 0.22492319815583497 -0.6929753726550526 0.06375832825589536 2.296941551428282 0.19936215680938765 0.3313108886137171
4167.288 1.6349246501922607 -0.05505401292909795 0.0047473907470703125 -2.347908322011129 -1.3187745253192347 8.388957940042019e-05 5.752428114647046e-05 0.015167235396802425 -0.0 0.0001917476038215682 0.0 0.0 0.22491460012787154 -0.6929768295705621 0.06372638989694833 2.296970252924021 0.19931834317762112 0.3313190923069059
4167.295999999999 1.6349011659622192 -0.054921929036275685 0.004819393157958984 -2.347884480153219 -1.3187864462481897 4.793690095539205e-05 5.752428114647046e-05 0.01564660482108593 -0.0 0.0001917476038215682 0.0 0.0 0.22489401269114975 -0.6929611855136978 0.06359334621642612 2.2971936662081163 0.19930598393432425 0.33129711867899153
4167.304 1.634865164756775 -0.054838005696431935 0.004806995391845703 -2.3479207197772425 -1.3187864462481897 7.190534961409867e-05 5.752428114647046e-05 0.013383982703089714 -0.0 0.0001917476038215682 0.0 0.0 0.22486883083745324 -0.6929672639425359 0.0635488828437032 2.2972340075241915 0.19923345770024167 0.3312942053652219
4167.312 1.634865164756775 -0.05474216142763311 0.004795074462890625 -2.347896401082174 -1.3187745253192347 4.793690095539205e-05 -5.752428114647046e-05 0.012233496643602848 -0.0 0.0001917476038215682 0.0 0.0 0.224871233237786 -0.692956480817415 0.06348123415332235 2.2973364451596447 0.19925708305075882 0.3313061508730008
4167.32 1.6348531246185303 -0.054598633443013966 0.004806995391845703 -2.347884480153219 -1.3187745253192347 5.992112710373476e-05 -5.752428114647046e-05 0.013000487349927425 -0.0 0.0001917476038215682 0.0 0.0 0.2248619106080028 -0.6929439350286979 0.06337143730765604 2.297505787370894 0.1992143230495058 0.33132225374170104
4167.3279999999995 1.6348531246185303 -0.05450278917421514 0.004806995391845703 -2.347896401082174 -1.3187626043902796 9.58738019107841e-05 -5.752428114647046e-05 0.016988838091492653 -0.0 0.0001917476038215682 0.0 0.0 0.22486446536231547 -0.6929360270632509 0.0633073206018828 2.2975941342608017 0.19917147255807863 0.3313623975782505
4167.336 1.6348412036895752 -0.05433494249452764 0.004795074462890625 -2.347896401082174 -1.3187745253192347 3.5952674807049334e-05 -5.752428114647046e-05 0.020306071266531944 -0.0 0.0001917476038215682 0.0 0.0 0.22485219933100284 -0.6929258649459795 0.06319380052138077 2.2977413373161957 0.19920584481598783 0.33132686369066394
4167.344 1.6348412036895752 -0.054179016743795216 0.004759311676025391 -2.3478482405291956 -1.318798844014303 7.190534961409867e-05 -5.752428114647046e-05 0.02226189710199833 -0.0 0.0001917476038215682 0.0 0.0 0.22484491654958505 -0.6929118573256395 0.06308712365229263 2.2979183459236032 0.19913730393026863 0.3313333138714477
4167.352 1.6348172426223755 -0.054023090993062794 0.004806995391845703 -2.3478720823871058 -1.3187864462481897 4.793690095539205e-05 -5.752428114647046e-05 0.023374032229185104 -0.0 0.0001917476038215682 0.0 0.0 0.22483047739732012 -0.6929003977605606 0.06296155346505924 2.298092775038122 0.19912685157009885 0.3313404884481495
4167.36 1.6347812414169312 -0.05380756059755498 0.004783153533935547 -2.347896401082174 -1.3187745253192347 8.388957940042019e-05 -0.000690291344653815 0.023700004443526268 -0.0 0.0001917476038215682 0.0 0.0 0.22480754956821794 -0.6928937720295172 0.06282708372586866 2.29826542993063 0.1990345389501498 0.33137014401440784
4167.3679999999995 1.634769320487976 -0.05361539522279912 0.004806995391845703 -2.3478720823871058 -1.3187745253192347 7.190534961409867e-05 -0.000690291344653815 0.024236897006630898 -0.0 0.0001917476038215682 0.0 0.0 0.22479788652403526 -0.6928741265470607 0.06267437154399841 2.2985034706049667 0.19901275326028728 0.3313811532487135
4167.376 1.6347932815551758 -0.05341178575624639 0.004806995391845703 -2.3478482405291956 -1.318798844014303 5.992112710373476e-05 -0.000690291344653815 0.026326945051550865 -0.0 0.0001917476038215682 0.0 0.0 0.22480688851447062 -0.6928494797554856 0.06252358466363157 2.2987306200510824 0.19902124257926257 0.3313810583347251
4167.384 1.6347572803497314 -0.05323201814760381 0.004806995391845703 -2.3478601614581507 -1.3187745253192347 7.190534961409867e-05 -0.000690291344653815 0.029318207874894142 -0.0 0.0001917476038215682 0.0 0.0 0.22478717122922764 -0.6928412738125564 0.06240083384219945 2.298898143510657 0.1989627066939104 0.33141297606041836
4167.392 1.6348172426223755 -0.05299216905702764 0.004795074462890625 -2.3478720823871058 -1.318810764943258 7.190534961409867e-05 -0.000690291344653815 0.033421605825424194 -0.0 0.0001917476038215682 0.0 0.0 0.22481809598390884 -0.6928113258942123 0.06223834565013578 2.2991163339674046 0.19899381197602764 0.3314223211219768
4167.4 1.6347932815551758 -0.052704636250631154 0.004806995391845703 -2.3478720823871058 -1.3187864462481897 4.793690095539205e-05 -0.000690291344653815 0.034629616886377335 -0.0 0.0001917476038215682 0.0 0.0 0.2248059422344755 -0.6927881077522515 0.062031070628354085 2.299408682462024 0.19897837606900654 0.33145474860036644
4167.407999999999 1.6347812414169312 -0.052452866231099904 0.004855155944824219 -2.3478601614581507 -1.3187745253192347 5.992112710373476e-05 -0.0006711166352033615 0.03334490954875946 -0.0 0.0001917476038215682 0.0 0.0 0.224798841834307 -0.6927610671800281 0.061828736043946106 2.299720663923868 0.19892848047948458 0.33149860313612267
4167.416 1.6348052024841309 -0.052176777516500294 0.004806995391845703 -2.3478363196002405 -1.3187864462481897 5.992112710373476e-05 -0.0005752427969127893 0.033364083617925644 -0.0 0.0001917476038215682 0.0 0.0 0.22481079567592718 -0.692733888581621 0.06164967209458207 2.299972589736925 0.1989270494996325 0.33152110390714234
4167.424 1.6347572803497314 -0.051937405263082326 0.004819393157958984 -2.3478243986712855 -1.318810764943258 4.793690095539205e-05 -0.000517718552146107 0.035243209451436996 -0.0 0.0001917476038215682 0.0 0.0 0.2247697783045479 -0.6927220282054283 0.06147092124188036 2.30023799781199 0.19884909626478392 0.3314878272667085
4167.432 1.6347572803497314 -0.05161410966982061 0.004795074462890625 -2.3478482405291956 -1.3187864462481897 7.190534961409867e-05 -0.00046019424917176366 0.03990267589688301 -0.0 0.0001917476038215682 0.0 0.0 0.22477430208805824 -0.6926964562756076 0.061261131703031255 2.3005135245158366 0.19880834438335246 0.3315543972364377
4167.44 1.6347932815551758 -0.051314655934469044 0.004819393157958984 -2.3478243986712855 -1.3187864462481897 5.992112710373476e-05 -0.0004218447138555348 0.041129861027002335 -0.0 0.0001917476038215682 0.0 0.0 0.22479715979952206 -0.6926559762205909 0.06103267150826902 2.3008571854620237 0.19883208833680843 0.33160011445635945
4167.447999999999 1.6347453594207764 -0.05096656480898076 0.0048313140869140625 -2.3478482405291956 -1.3187626043902796 7.190534961409867e-05 -0.0003834952076431364 0.037755101919174194 -0.0 0.0001917476038215682 0.0 0.0 0.22476803674264176 -0.6926350433308397 0.06078863815099422 2.301193011157652 0.1987439257808345 0.33164159979804697
4167.456 1.634769320487976 -0.0506671110736292 0.004806995391845703 -2.3478363196002405 -1.318810764943258 5.992112710373476e-05 -0.0003451456723269075 0.038541268557310104 -0.0 0.0001917476038215682 0.0 0.0 0.22477048701131694 -0.6926067355246256 0.06058336686547505 2.3014825803766517 0.19873478912554496 0.33161946678016785
4167.464 1.634769320487976 -0.050307575856344044 0.004843235015869141 -2.3478363196002405 -1.3187626043902796 7.190534961409867e-05 -0.00032597093377262354 0.04795607551932335 -0.0 0.00033555831760168076 0.0 0.0 0.2247804621671652 -0.6925669506436973 0.060315256487856156 2.3018734499627556 0.19870906224348023 0.3317193504123904
4167.472 1.6347453594207764 -0.04994804063905889 0.0048313140869140625 -2.3478124777423304 -1.318810764943258 8.388957940042019e-05 -0.00028762139845639467 0.05301821231842041 -0.0 0.00033555831760168076 0.0 0.0 0.22474921467532133 -0.6925411031633607 0.06005892408292056 2.302252665957534 0.19860944063331423 0.33169317491907796
4167.48 1.6347572803497314 -0.049527947102681935 0.004783153533935547 -2.3478482405291956 -1.3187864462481897 4.793690095539205e-05 -0.00026844663079828024 0.0475534051656723 -0.0 0.00033555831760168076 0.0 0.0 0.2247615515702765 -0.6925074055100473 0.059794885006865806 2.302578573451006 0.1986451916044476 0.3317410688217758
4167.487999999999 1.634769320487976 -0.04919273058046514 0.004783153533935547 -2.3478363196002405 -1.3187745253192347 5.992112710373476e-05 -0.00026844663079828024 0.04555923119187355 -0.0 0.00033555831760168076 0.0 0.0 0.22477080197295107 -0.692471682335273 0.059556028817477055 2.302925060255566 0.19861955549153074 0.3318003975421649
4167.496 1.634769320487976 -0.04883319536317998 0.004806995391845703 -2.3478720823871058 -1.3187745253192347 7.190534961409867e-05 -0.00024927189224399626 0.047035686671733856 -0.0 0.00033555831760168076 0.0 0.0 0.2247686637711823 -0.6924400945430975 0.05930032300268495 2.3032738483180326 0.19857368952396628 0.33183977207896237
4167.504 1.6347572803497314 -0.048449341450826466 0.004806995391845703 -2.3478601614581507 -1.3187864462481897 4.793690095539205e-05 -0.00023009712458588183 0.047687627375125885 -0.0 0.00033555831760168076 0.0 0.0 0.22475480872189485 -0.6924066763769513 0.05902605866910805 2.303666397948243 0.198544917055061 0.331845651215281
4167.512 1.6347812414169312 -0.04807740846742803 0.0048313140869140625 -2.3478363196002405 -1.3187864462481897 4.793690095539205e-05 -0.0002109223569277674 0.049010686576366425 -0.0 0.00033555831760168076 0.0 0.0 0.22476882033980028 -0.6923614427034891 0.0587465862011993 2.3040847499345416 0.19853431072646757 0.3318982328613169
4167.5199999999995 1.6348291635513306 -0.04767066637148076 0.004806995391845703 -2.3478720823871058 -1.3187864462481897 8.388957940042019e-05 -0.0002109223569277674 0.047936901450157166 -0.0 0.00033555831760168076 0.0 0.0 0.224799776578443 -0.6923194831945243 0.05847986147244584 2.3044352844066163 0.1985163048784672 0.3319738323245952
4167.528 1.6347932815551758 -0.047298733388082326 0.004783153533935547 -2.3478363196002405 -1.318798844014303 3.5952674807049334e-05 -0.0001917476038215682 0.04030534625053406 -0.0 0.00033555831760168076 0.0 0.0 0.22476932303901204 -0.6922920287297964 0.05821910139062515 2.304812623573117 0.19848830966695744 0.33195374906592984
4167.536 1.6347932815551758 -0.04699927965273076 0.004819393157958984 -2.347884480153219 -1.318798844014303 7.190534961409867e-05 -0.0001917476038215682 0.032290294766426086 -0.0 0.00033555831760168076 0.0 0.0 0.2247675446403194 -0.6922657059958494 0.05800318147295658 2.3051055458062653 0.19842041115589246 0.3319994960086197
4167.544 1.6348052024841309 -0.046759907399312794 0.004795074462890625 -2.3478482405291956 -1.318798844014303 8.388957940042019e-05 -0.00017257283616345376 0.028723791241645813 -0.0 0.00033555831760168076 0.0 0.0 0.22477419176015384 -0.6922389655893193 0.05783660607998915 2.3053579084384723 0.1983975017004303 0.33203572583576335
4167.552 1.6348052024841309 -0.04649573961366826 0.004771232604980469 -2.3478482405291956 -1.3187745253192347 3.5952674807049334e-05 -0.00017257283616345376 0.026633741334080696 -0.0 0.00033555831760168076 0.0 0.0 0.22477887701124782 -0.6922150722821836 0.05766249374630224 2.3055865029828033 0.19844237629744507 0.33206255110771354
4167.5599999999995 1.6348172426223755 -0.04630405107607061 0.0048313140869140625 -2.3478482405291956 -1.3187745253192347 3.5952674807049334e-05 -0.00017257283616345376 0.024812139570713043 -0.0 0.00033555831760168076 0.0 0.0 0.22478570559294986 -0.6921879245493613 0.05749960457784599 2.3058372902161794 0.19843342124482835 0.33209296302119
4167.568 1.6348412036895752 -0.04616004625429326 0.004783153533935547 -2.3478720823871058 -1.318798844014303 4.793690095539205e-05 -0.00015339808305725455 0.0197308287024498 -0.0 0.00033555831760168076 0.0 0.0 0.22479551286125804 -0.6921784441068517 0.05742506984761041 2.305913486858857 0.19842823611432875 0.3320896615348584
4167.576 1.6348412036895752 -0.04604036012758428 0.004806995391845703 -2.3478601614581507 -1.3187745253192347 8.388957940042019e-05 -0.00015339808305725455 0.013038837350904942 -0.0 0.00033555831760168076 0.0 0.0 0.22480080626833177 -0.6921616341674667 0.05732786977546239 2.3060716364485603 0.19838504091715814 0.33215107043081193
4167.584 1.6348291635513306 -0.04594451585878545 0.004771232604980469 -2.3478243986712855 -1.3187506834613245 7.190534961409867e-05 -0.00015339808305725455 0.0054456316865980625 -0.0 0.00033555831760168076 0.0 0.0 0.22479794451973192 -0.6921533969225326 0.057269042524666705 2.3061626067671037 0.19838802082232931 0.3321757145933198
4167.592 1.6348412036895752 -0.045920674000875294 0.004806995391845703 -2.3478482405291956 -1.3187626043902796 9.58738019107841e-05 -0.00013422331539914012 0.003240534570068121 -0.0 0.00033555831760168076 0.0 0.0 0.2248030341348286 -0.6921481669761773 0.057241087496577525 2.306203475184583 0.19836521463267764 0.3321836021825542
4167.599999999999 1.6348291635513306 -0.04595643678774053 0.004783153533935547 -2.3478243986712855 -1.3187745253192347 7.190534961409867e-05 -0.00013422331539914012 0.0030871364288032055 -0.0 0.00033555831760168076 0.0 0.0 0.22479184514562578 -0.6921548184125853 0.05727081509318273 2.3061655547956685 0.19837616158586105 0.3321481121430759
4167.608 1.6348531246185303 -0.045920674000875294 0.004843235015869141 -2.3478482405291956 -1.3187626043902796 8.388957940042019e-05 -0.00013422331539914012 0.0018024274613708258 -0.0 0.00033555831760168076 0.0 0.0 0.22481110845994404 -0.6921416231091742 0.05722436306387357 2.3062372408520377 0.19838961308649006 0.3321871543901177
4167.616 1.6348172426223755 -0.04593211809267217 0.004843235015869141 -2.3478363196002405 -1.318798844014303 8.388957940042019e-05 -0.00013422331539914012 0.0012847089674323797 -0.0 0.00033555831760168076 0.0 0.0 0.22477697748035136 -0.6921517713842487 0.05722775064940254 2.3062432273839186 0.19832995660385158 0.3321270433747159
4167.624 1.634769320487976 -0.04595643678774053 0.004735469818115234 -2.3478720823871058 -1.3187626043902796 7.190534961409867e-05 -0.00011504856229294091 0.000997087568975985 -0.0 0.00033555831760168076 0.0 0.0 0.22475399483765787 -0.6921780853002973 0.057305236333695275 2.3060706826929054 0.19832094332871725 0.33212217385316395
4167.632 1.6347812414169312 -0.04594451585878545 0.004771232604980469 -2.3478720823871058 -1.3187745253192347 8.388957940042019e-05 -0.00011504856229294091 0.0008053399506025016 -0.0 0.00033555831760168076 0.0 0.0 0.22475893800471924 -0.6921712517118657 0.05727976116239292 2.3061214070045484 0.19831083190446558 0.33212514812356236
4167.639999999999 1.6347812414169312 -0.04596835771669561 0.004783153533935547 -2.3478482405291956 -1.318810764943258 8.388957940042019e-05 -0.00011504856229294091 0.0006711166352033615 -0.0 0.00033555831760168076 0.0 0.0 0.22474959309853423 -0.6921718545126938 0.0572834261590002 2.306137775879877 0.19829186313774905 0.33208439017861224
4167.648 1.6347572803497314 -0.04596835771669561 0.004759311676025391 -2.347884480153219 -1.3187864462481897 5.992112710373476e-05 -0.00011504856229294091 0.0005944175645709038 -0.0 0.00033555831760168076 0.0 0.0 0.22473957628505853 -0.6921823763014696 0.05730458835485361 2.306071465671193 0.19830887692869298 0.332082351443649
4167.656 1.6347209215164185 -0.04596835771669561 0.004759311676025391 -2.3479207197772425 -1.3187745253192347 8.388957940042019e-05 -0.00011504856229294091 0.000517718552146107 -0.0 0.0003115898580290377 0.0 0.0 0.2247176805568838 -0.6921939565977681 0.05731415958021013 2.3060389542255857 0.19824825931836249 0.3320863061933224
4167.664 1.6347453594207764 -0.04595643678774053 0.004759311676025391 -2.347884480153219 -1.3187626043902796 4.793690095539205e-05 -0.00011504856229294091 0.00046019424917176366 -0.0 0.0003115898580290377 0.0 0.0 0.22473736637806643 -0.6921823640125074 0.05729731398033748 2.306078714264588 0.19831962347726612 0.3320990188289777
4167.672 1.6347090005874634 -0.04595643678774053 0.0047473907470703125 -2.3478720823871058 -1.3187745253192347 5.992112710373476e-05 -0.00011504856229294091 0.0004218447138555348 -0.0 0.00028762139845639467 0.0 0.0 0.22470912579917388 -0.692191153530877 0.057299169364800756 2.3060837404012853 0.1982577712441463 0.33207289488874786
4167.679999999999 1.6347090005874634 -0.04599219957460576 0.004771232604980469 -2.3478720823871058 -1.3187864462481897 4.793690095539205e-05 -0.00011504856229294091 0.0003834952076431364 -0.0 0.00028762139845639467 0.0 0.0 0.22470617811398116 -0.6921927727404171 0.05731281574107473 2.306071285632123 0.19826677228339504 0.3320519353483143
4167.688 1.634672999382019 -0.045980278645650685 0.004819393157958984 -2.347884480153219 -1.3187864462481897 5.992112710373476e-05 -0.0007861651829443872 0.0003451456723269075 -0.0 0.0002636529679875821 0.0 0.0 0.22468102161485043 -0.6921960378481514 0.05728526508578706 2.306121904267743 0.19820703398505407 0.3320444477292086
4167.696 1.634661078453064 -0.04594451585878545 0.004783153533935547 -2.3478601614581507 -1.3187864462481897 7.190534961409867e-05 -0.0007861651829443872 0.00032597093377262354 -0.0 0.0002636529679875821 0.0 0.0 0.22467257659429057 -0.6921963870314283 0.05727073187599302 2.306148064808058 0.1981772868768408 0.33204672688963166
4167.704 1.634672999382019 -0.04590827623476201 0.004819393157958984 -2.3478601614581507 -1.3187864462481897 7.190534961409867e-05 -0.0007861651829443872 0.0003067961661145091 -0.0 0.0002636529679875821 0.0 0.0 0.22468042245477846 -0.6921864209494129 0.057228456422181925 2.3062200142552145 0.19818459274980516 0.33205982736706685
4167.7119999999995 1.634661078453064 -0.045980278645650685 0.004806995391845703 -2.3478720823871058 -1.3187626043902796 7.190534961409867e-05 -0.0013997574569657445 0.00026844663079828024 -0.0 0.00023968450841493905 0.0 0.0 0.2246788747635187 -0.6921970382451945 0.0572890365345865 2.306121327718699 0.19819142513695653 0.3320721189838519
4167.72 1.6346131563186646 -0.04595643678774053 0.004759311676025391 -2.3478601614581507 -1.318798844014303 4.793690095539205e-05 -0.0013997574569657445 0.00026844663079828024 -0.0 0.00023968450841493905 0.0 0.0 0.22463641481738633 -0.6922116338241215 0.057289552104076796 2.3061112364319807 0.19814621890420467 0.3319924229674079
4167.728 1.6346371173858643 -0.04593211809267217 0.004771232604980469 -2.3478720823871058 -1.318798844014303 8.388957940042019e-05 -0.0013997574569657445 0.00024927189224399626 -0.0 0.00023968450841493905 0.0 0.0 0.22465285888072034 -0.6922040625979924 0.05726986678655402 2.306140905474143 0.19813047479073206 0.33202511373522986
4167.736 1.63460111618042 -0.04595643678774053 0.004819393157958984 -2.347908322011129 -1.318798844014303 8.388957940042019e-05 -0.001514806062914431 0.00023009712458588183 -0.0 0.00021571606339421123 0.0 0.0 0.22462807139193036 -0.6922135067210357 0.05727379206913254 2.306129561310387 0.19808983664304175 0.3320057209836934
4167.744 1.6345652341842651 -0.04594451585878545 0.004783153533935547 -2.3478720823871058 -1.3187864462481897 0.00011984225420746952 -0.001514806062914431 0.0002109223569277674 -0.0 0.00021571606339421123 0.0 0.0 0.22460630228936748 -0.6922192967016229 0.05727369424435795 2.3061470392900483 0.19801221314142003 0.3320212715367428
4167.7519999999995 1.6345292329788208 -0.04595643678774053 0.004795074462890625 -2.3478601614581507 -1.318798844014303 5.992112710373476e-05 -0.002416019793599844 0.0002109223569277674 -0.0 0.00021571606339421123 0.0 0.0 0.22457814825770409 -0.6922266718771577 0.057273047297059024 2.3061513293835647 0.1980320674332678 0.33195951156466447
4167.76 1.6345412731170654 -0.04594451585878545 0.004806995391845703 -2.3478482405291956 -1.3188226858722132 8.388957940042019e-05 -0.002416019793599844 0.0001917476038215682 -0.0 0.00021571606339421123 0.0 0.0 0.2245801622688166 -0.6922217555425754 0.05725504791353782 2.3061936672651537 0.1980034636974403 0.3319536216320339
4167.768 1.6345171928405762 -0.04593211809267217 0.004735469818115234 -2.3478601614581507 -1.3187864462481897 8.388957940042019e-05 -0.002646117005497217 0.0001917476038215682 -0.0 0.0001917476038215682 0.0 0.0 0.22457312944554828 -0.6922326181885688 0.05728399711749299 2.3061190179872133 0.19799978687656627 0.33197635661306857
4167.776 1.6344692707061768 -0.04594451585878545 0.004783153533935547 -2.3478482405291956 -1.3188226858722132 5.992112710373476e-05 -0.003451456781476736 0.00017257283616345376 -0.0 0.0001917476038215682 0.0 0.0 0.22453043529706937 -0.6922404656572523 0.05726605103752411 2.3061678816043294 0.19794958178260724 0.33190263146475424
4167.784 1.6344337463378906 -0.045920674000875294 0.004783153533935547 -2.3478720823871058 -1.3187864462481897 3.5952674807049334e-05 -0.003451456781476736 0.00017257283616345376 -0.0 0.0001917476038215682 0.0 0.0 0.22451513132063816 -0.6922465712256667 0.057256884405214425 2.3061603517619944 0.19795382371802347 0.33191442307129154
4167.7919999999995 1.6343977451324463 -0.04595643678774053 0.004795074462890625 -2.3478720823871058 -1.318810764943258 5.992112710373476e-05 -0.003355582943186164 0.00017257283616345376 -0.0 0.0001917476038215682 0.0 0.0 0.22448413757700902 -0.6922583560925497 0.05727544439546674 2.3061446630432774 0.1978747054207733 0.3318778833788018
4167.8 1.6343498229980469 -0.04596835771669561 0.004771232604980469 -2.3478482405291956 -1.318798844014303 8.388957940042019e-05 -0.0037774278316646814 0.00015339808305725455 -0.0 0.0001917476038215682 0.0 0.0 0.22445407289655614 -0.6922692403052384 0.0572894930372036 2.3061367218288673 0.19779879806410142 0.3318784207092855
4167.808 1.6343258619308472 -0.04593211809267217 0.004819393157958984 -2.3478482405291956 -1.318810764943258 8.388957940042019e-05 -0.004103398881852627 0.00015339808305725455 -0.0 0.00016777915880084038 0.0 0.0 0.2244339657703107 -0.6922668419369721 0.05724115054451456 2.3062230537411286 0.19775749729057626 0.33186071148879065
4167.816 1.6342419385910034 -0.04595643678774053 0.004795074462890625 -2.347884480153219 -1.3188346068011683 7.190534961409867e-05 -0.004563592839986086 0.00015339808305725455 -0.0 0.00016777915880084038 0.0 0.0 0.2243702305085608 -0.6922963204360668 0.05727739482666119 2.30614170775939 0.19766949251989518 0.3317761362046905
4167.824 1.6342419385910034 -0.04590827623476201 0.004759311676025391 -2.347884480153219 -1.318810764943258 7.190534961409867e-05 -0.005330583546310663 0.00013422331539914012 -0.0 0.00016777915880084038 0.0 0.0 0.22437621722434553 -0.6922940203527181 0.05726107409643458 2.306151132838428 0.19768009158593772 0.3318048529993605
4167.831999999999 1.6341581344604492 -0.04594451585878545 0.004783153533935547 -2.3478482405291956 -1.318798844014303 5.992112710373476e-05 -0.004832039587199688 0.00013422331539914012 -0.0 0.00016777915880084038 0.0 0.0 0.22432116151676051 -0.6923087299984547 0.05726718159452915 2.306173775727368 0.1976008521410218 0.3317726129654859
4167.84 1.6341460943222046 -0.045980278645650685 0.004783153533935547 -2.347884480153219 -1.318798844014303 8.388957940042019e-05 -0.004218447487801313 0.00013422331539914012 -0.0 0.00016777915880084038 0.0 0.0 0.22431326127225493 -0.6923190018583163 0.057301402150169406 2.3061063601592955 0.1975657799379441 0.33177162652818987
4167.848 1.6340861320495605 -0.04593211809267217 0.004819393157958984 -2.3478482405291956 -1.3188226858722132 0.000107858024421148 -0.0041609229519963264 0.00013422331539914012 -0.0 0.00016777915880084038 0.0 0.0 0.22426494311949868 -0.6923214061655142 0.057240585250071654 2.3062353809741674 0.19744616205485307 0.33173756583700087
4167.856 1.6340742111206055 -0.04590827623476201 0.004819393157958984 -2.3478482405291956 -1.3188346068011683 9.58738019107841e-05 -0.0038349521346390247 0.00011504856229294091 -0.0 0.00014381069922819734 0.0 0.0 0.22425348096946696 -0.6923226067471617 0.05722321027137245 2.306258946966937 0.19743792599258211 0.3317139236957197
4167.864 1.6340259313583374 -0.045920674000875294 0.004819393157958984 -2.347884480153219 -1.318810764943258 8.388957940042019e-05 -0.003662379225715995 0.00011504856229294091 -0.0 0.00014381069922819734 0.0 0.0 0.22422646173670324 -0.6923372375342338 0.05724208728247002 2.3062068280050507 0.1974118439493139 0.33170624011973465
4167.871999999999 1.6339659690856934 -0.04590827623476201 0.004806995391845703 -2.347896401082174 -1.3188465277301233 7.190534961409867e-05 -0.0035089810844510794 0.00011504856229294091 -0.0 0.00014381069922819734 0.0 0.0 0.22417581989248309 -0.6923545516856322 0.057240334390157424 2.3061990356914817 0.19733916132980725 0.33162710177853105
4167.88 1.633978009223938 -0.04595643678774053 0.004819393157958984 -2.3478601614581507 -1.318798844014303 8.388957940042019e-05 -0.00327888410538435 0.00011504856229294091 -0.0 0.00014381069922819734 0.0 0.0 0.2241964261019812 -0.6923477671260975 0.05726182410622441 2.306195288039334 0.19736350501453534 0.33169475303712764
4167.888 1.633954405784607 -0.04594451585878545 0.004771232604980469 -2.3478720823871058 -1.318810764943258 5.992112710373476e-05 -0.00327888410538435 0.00011504856229294091 -0.0 0.00014381069922819734 0.0 0.0 0.2241772493196003 -0.6923592258680885 0.057278042662771395 2.3061453534367424 0.19736181438845268 0.3316520071637096
4167.896 1.6339184045791626 -0.045920674000875294 0.004771232604980469 -2.3478482405291956 -1.318798844014303 9.58738019107841e-05 -0.0026269422378391027 0.00011504856229294091 -0.0 0.00014381069922819734 0.0 0.0 0.2241550954550388 -0.6923615047155689 0.057255873347108244 2.306198531321201 0.19728057471890478 0.3316704624147081
4167.9039999999995 1.6338824033737183 -0.04594451585878545 0.004783153533935547 -2.3478720823871058 -1.3188584486590784 9.58738019107841e-05 -0.0026269422378391027 9.58738019107841e-05 -0.0 0.00014381069922819734 0.0 0.0 0.2241151030227668 -0.6923772146023648 0.05727028019590624 2.3061712514030983 0.19721223443474947 0.3315796452132573
4167.912 1.6338824033737183 -0.045920674000875294 0.004806995391845703 -2.3478482405291956 -1.318798844014303 7.190534961409867e-05 -0.0027803401462733746 9.58738019107841e-05 -0.0 0.00014381069922819734 0.0 0.0 0.22412999881369966 -0.6923657613707651 0.05723936877141453 2.306231157217281 0.197263197580167 0.33164362709613526
4167.92 1.6338465213775635 -0.04593211809267217 0.004771232604980469 -2.3478124777423304 -1.3188465277301233 8.388957940042019e-05 -0.003067961661145091 9.58738019107841e-05 -0.0 0.00011984225420746952 0.0 0.0 0.2240929535834096 -0.692377678326498 0.057252793978700756 2.306228682569041 0.19718519308097499 0.3315751371362884
4167.928 1.6337865591049194 -0.045896355305806935 0.004783153533935547 -2.3478720823871058 -1.318810764943258 8.388957940042019e-05 -0.0041609229519963264 9.58738019107841e-05 -0.0 0.00011984225420746952 0.0 0.0 0.22406067791858694 -0.6923910221651199 0.057238585174967674 2.3062140643059448 0.19713425913857283 0.33158491601012163
4167.936 1.6337506771087646 -0.04590827623476201 0.004795074462890625 -2.347896401082174 -1.318798844014303 0.000107858024421148 -0.004314321093261242 9.58738019107841e-05 -0.0 0.00011984225420746952 0.0 0.0 0.22403905071943694 -0.692400951515612 0.057248096992244146 2.306193394206311 0.19707325365626668 0.3315903196672514
4167.9439999999995 1.6337506771087646 -0.04593211809267217 0.004771232604980469 -2.3478482405291956 -1.318810764943258 7.190534961409867e-05 -0.00404587434604764 9.58738019107841e-05 -0.0 0.00011984225420746952 0.0 0.0 0.22403597640930062 -0.6924009528700492 0.05726337676171776 2.306189267956901 0.1971087542911312 0.33155840350688837
4167.952 1.6337146759033203 -0.04593211809267217 0.004759311676025391 -2.3478482405291956 -1.3188465277301233 7.190534961409867e-05 -0.003854126902297139 9.58738019107841e-05 -0.0 0.00011984225420746952 0.0 0.0 0.2240019272887438 -0.6924126271172405 0.05726718263723635 2.306182818986481 0.19705019628990364 0.33149751672374034
4167.96 1.6336427927017212 -0.04590827623476201 0.004795074462890625 -2.3478482405291956 -1.3188346068011683 8.388957940042019e-05 -0.003854126902297139 7.669904152862728e-05 -0.0 0.00011984225420746952 0.0 0.0 0.22395489482793168 -0.6924218824778177 0.05723443334654295 2.306244830705795 0.19695373194762616 0.33148683433776654
4167.968 1.6336067914962769 -0.04590827623476201 0.004783153533935547 -2.3478124777423304 -1.3188465277301233 7.190534961409867e-05 -0.004007524810731411 7.669904152862728e-05 -0.0 0.00011984225420746952 0.0 0.0 0.22392675821510044 -0.6924278560284757 0.05723048272822555 2.3062690697865564 0.19691780209723223 0.331451070050763
4167.976 1.6336188316345215 -0.045920674000875294 0.004819393157958984 -2.3478363196002405 -1.3188703695880335 8.388957940042019e-05 -0.004812865052372217 7.669904152862728e-05 -0.0 0.00011984225420746952 0.0 0.0 0.22392901844421412 -0.6924267848253424 0.05722729333589942 2.306273700133017 0.1969060816464362 0.3314356428236662
4167.9839999999995 1.6335469484329224 -0.045896355305806935 0.004806995391845703 -2.3478482405291956 -1.3188226858722132 7.190534961409867e-05 -0.005292234010994434 7.669904152862728e-05 -0.0 0.00011984225420746952 0.0 0.0 0.22389145791990445 -0.6924401673030862 0.057221092263726486 2.3062677996345715 0.19686018646018216 0.33144834975073345
4167.992 1.6334989070892334 -0.04590827623476201 0.004806995391845703 -2.3478243986712855 -1.3188226858722132 8.388957940042019e-05 -0.005407282616943121 7.669904152862728e-05 -0.0 0.00011984225420746952 0.0 0.0 0.22385812952221976 -0.6924492900821344 0.05722357257622329 2.30628305493331 0.19678983273828202 0.33143130267973986
4168.0 1.6334869861602783 -0.04590827623476201 0.004783153533935547 -2.3478482405291956 -1.3188226858722132 8.388957940042019e-05 -0.004640291910618544 7.669904152862728e-05 -0.0 0.00011984225420746952 0.0 0.0 0.22385012427022025 -0.6924572599969085 0.05724050013887533 2.3062358394560003 0.19678013956599683 0.33142051746896395
4168.008 1.633427381515503 -0.04588443437685186 0.0048313140869140625 -2.3478124777423304 -1.3188465277301233 4.793690095539205e-05 -0.0036815539933741093 7.669904152862728e-05 -0.0 9.58738019107841e-05 0.0 0.0 0.22380215016551352 -0.6924606295636976 0.057191447268949064 2.3063418581350246 0.19673088275958622 0.3313551080832468
4168.016 1.6334154605865479 -0.04588443437685186 0.004843235015869141 -2.3478243986712855 -1.3188584486590784 3.5952674807049334e-05 -0.0036815539933741093 7.669904152862728e-05 -0.0 9.58738019107841e-05 0.0 0.0 0.22379084756493808 -0.6924641841940079 0.05718834276958726 2.306341644211527 0.1967248181649192 0.3313291756188316
4168.023999999999 1.6334034204483032 -0.045920674000875294 0.0048313140869140625 -2.3478124777423304 -1.3188346068011683 8.388957940042019e-05 -0.0036815539933741093 7.669904152862728e-05 -0.0 9.58738019107841e-05 0.0 0.0 0.22378884324469508 -0.6924686397129262 0.05721756307033153 2.306310974501855 0.19667118780884765 0.33137151110805907
4168.032 1.6333311796188354 -0.04588443437685186 0.004783153533935547 -2.3478363196002405 -1.3188703695880335 8.388957940042019e-05 -0.0041609229519963264 7.669904152862728e-05 -0.0 9.58738019107841e-05 0.0 0.0 0.22372977682327952 -0.6924916086539387 0.05721846715171751 2.3062817651767507 0.19657247772854022 0.33128977202271026
4168.04 1.633283257484436 -0.045896355305806935 0.004806995391845703 -2.3478243986712855 -1.3188465277301233 8.388957940042019e-05 -0.004870389122515917 7.669904152862728e-05 -0.0 9.58738019107841e-05 0.0 0.0 0.22370260426302885 -0.6924979781625575 0.05721403719748208 2.3063039253045265 0.19652683923657166 0.33129554064852007
4168.048 1.6332353353500366 -0.04588443437685186 0.004806995391845703 -2.3478363196002405 -1.3188346068011683 7.190534961409867e-05 -0.004985437728464603 7.669904152862728e-05 -0.0 9.58738019107841e-05 0.0 0.0 0.22367247184842293 -0.692508172516585 0.057209159896308856 2.306301769255466 0.196490903130454 0.3312789680667158
4168.056 1.6331993341445923 -0.045920674000875294 0.004819393157958984 -2.347776238118307 -1.3188584486590784 8.388957940042019e-05 -0.005177185405045748 5.752428114647046e-05 -0.0 9.58738019107841e-05 0.0 0.0 0.22364124500448146 -0.6925129298129568 0.05721292882895128 2.3063438738000896 0.19642066999837746 0.33124288242935346
4168.063999999999 1.6331753730773926 -0.045896355305806935 0.0048313140869140625 -2.3478363196002405 -1.3188226858722132 5.992112710373476e-05 -0.00510048633441329 5.752428114647046e-05 -0.0 9.58738019107841e-05 0.0 0.0 0.2236339666316129 -0.6925193389189205 0.05720690704112416 2.3063123053828494 0.19644006881751988 0.3312576050597857
4168.072 1.6331274509429932 -0.045896355305806935 0.004819393157958984 -2.347788159047262 -1.3188465277301233 5.992112710373476e-05 -0.0051963599398732185 5.752428114647046e-05 -0.0 9.58738019107841e-05 0.0 0.0 0.22359444144850882 -0.6925273072319815 0.05719931057933389 2.3063527293034967 0.1963695536374816 0.3312092942131224
4168.08 1.6330795288085938 -0.04593211809267217 0.004843235015869141 -2.3478363196002405 -1.3188703695880335 5.992112710373476e-05 -0.004812865052372217 5.752428114647046e-05 -0.0 9.58738019107841e-05 0.0 0.0 0.22355551727099282 -0.6925459889463358 0.05722435898409736 2.306297093479687 0.19630741295697393 0.33115149593263316
4168.088 1.6330435276031494 -0.04588443437685186 0.004819393157958984 -2.347788159047262 -1.3188827673541468 7.190534961409867e-05 -0.004774515517055988 5.752428114647046e-05 -0.0 9.58738019107841e-05 0.0 0.0 0.22352694521799 -0.692547305204596 0.057189187456089044 2.3063734567400536 0.19623930273537135 0.3311319806520513
4168.096 1.6329600811004639 -0.04593211809267217 0.004855155944824219 -2.3478124777423304 -1.3188465277301233 9.58738019107841e-05 -0.005388107616454363 5.752428114647046e-05 -0.0 9.58738019107841e-05 0.0 0.0 0.2234787218710057 -0.692567102257026 0.0572140635046223 2.3063391800009274 0.19613654552440052 0.33114039336051304
4168.103999999999 1.6329480409622192 -0.045896355305806935 0.004819393157958984 -2.347776238118307 -1.3188465277301233 9.58738019107841e-05 -0.005541505757719278 5.752428114647046e-05 -0.0 9.58738019107841e-05 0.0 0.0 0.2234701239532543 -0.6925660312485823 0.057196348408310047 2.306375659693784 0.19611932709453883 0.33113779405182964
4168.112 1.6329121589660645 -0.04590827623476201 0.004795074462890625 -2.347776238118307 -1.3188827673541468 4.793690095539205e-05 -0.00552233075723052 5.752428114647046e-05 -0.0 9.58738019107841e-05 0.0 0.0 0.22343615761209545 -0.692580131740127 0.057214257723500694 2.3063369306661334 0.19611787102748543 0.33104973231647533
4168.12 1.6328881978988647 -0.04584819475282842 0.004843235015869141 -2.347764317189352 -1.3188827673541468 9.58738019107841e-05 -0.005119660869240761 5.752428114647046e-05 -0.0 9.58738019107841e-05 0.0 0.0 0.2234188991470014 -0.6925732858880783 0.057146710188928626 2.3064654938132727 0.19602423929338292 0.33107367824440004
4168.128 1.6328401565551758 -0.04588443437685186 0.004819393157958984 -2.347764317189352 -1.3188584486590784 3.5952674807049334e-05 -0.005982525181025267 5.752428114647046e-05 -0.0 9.58738019107841e-05 0.0 0.0 0.2233922044107065 -0.6925884055651725 0.05718441624592922 2.306393815215389 0.19605492850150014 0.33104128977447245
4168.1359999999995 1.632767915725708 -0.045896355305806935 0.004843235015869141 -2.3477404753314417 -1.3188584486590784 8.388957940042019e-05 -0.007017962168902159 5.752428114647046e-05 -0.0 9.58738019107841e-05 0.0 0.0 0.22334199843919297 -0.6926003656482023 0.05717589403785708 2.306439540307528 0.1959131636561846 0.33103258264958363
4168.144 1.6326839923858643 -0.045896355305806935 0.004843235015869141 -2.3477404753314417 -1.3188465277301233 7.190534961409867e-05 -0.007842477411031723 5.752428114647046e-05 -0.0 7.190534961409867e-05 0.0 0.0 0.22328693260310647 -0.6926183306834085 0.05717645935450988 2.3064383691844634 0.1958355873780602 0.33099780939981405
4168.152 1.6326481103897095 -0.045836750661031544 0.0048313140869140625 -2.3477404753314417 -1.3188827673541468 7.190534961409867e-05 -0.007746603339910507 5.752428114647046e-05 -0.0 7.190534961409867e-05 0.0 0.0 0.22325246506084706 -0.6926243347925003 0.05713821891213347 2.3064914020370284 0.1957713782587233 0.3309421892516254
4168.16 1.632588505744934 -0.04584819475282842 0.0048313140869140625 -2.3476560751544397 -1.3188346068011683 5.992112710373476e-05 -0.007842477411031723 5.752428114647046e-05 -0.0 0.0034274884965270758 0.0 0.0 0.22322314011335048 -0.6926258160070683 0.05712760055695823 2.3065578173994368 0.19573395845822578 0.3309690798096023
4168.168 1.6325526237487793 -0.0458605925189417 0.0048313140869140625 -2.347487751637594 -1.3188465277301233 7.190534961409867e-05 -0.008436894975602627 5.752428114647046e-05 -0.0 0.019941750913858414 0.0 0.0 0.2231943556937904 -0.6926162785383534 0.057093955009948 2.3067177718754035 0.19565942659990107 0.3309587708921461
4168.1759999999995 1.6324806213378906 -0.04582435289491826 0.004806995391845703 -2.3473203817950647 -1.3188584486590784 5.992112710373476e-05 -0.00797670055180788 5.752428114647046e-05 -0.0 0.0228659026324749 0.0 0.0 0.22314037358025846 -0.6926128955480169 0.05703748191184903 2.3068979962625624 0.19556820663998495 0.33092021177201697
4168.184 1.6324087381362915 -0.04588443437685186 0.004819393157958984 -2.347175900136129 -1.3188465277301233 7.190534961409867e-05 -0.008168447762727737 5.752428114647046e-05 -0.0 0.023249397054314613 0.0 0.0 0.22309314633962773 -0.6926157797884316 0.05703879088288431 2.306997016828947 0.19546922031880318 0.3309135646895581
4168.192 1.6323368549346924 -0.045836750661031544 0.004806995391845703 -2.3469718138324183 -1.3188584486590784 5.992112710373476e-05 -0.008321845903992653 5.752428114647046e-05 -0.0 0.023369239643216133 0.0 0.0 0.22303891744895202 -0.6926057336276041 0.056959635664437736 2.307237138270905 0.1953728467409618 0.33088105897511144
4168.2 1.6322529315948486 -0.045836750661031544 0.0048313140869140625 -2.3467677275287073 -1.3188584486590784 4.793690095539205e-05 -0.0087245162576437 5.752428114647046e-05 -0.0 0.024160198867321014 0.0 0.0 0.22297953477444113 -0.692598175085222 0.05689772605731705 2.3074651625894496 0.19526964943481784 0.3308553523048635
4168.208 1.6321930885314941 -0.04584819475282842 0.0048313140869140625 -2.3465755621539515 -1.3188584486590784 8.388957940042019e-05 -0.009683254174888134 5.752428114647046e-05 -0.0 0.025142904371023178 0.0 0.0 0.22293708099869886 -0.6925903022583594 0.056858068989657784 2.3076530267703816 0.19514358448698713 0.330861377790289
4168.215999999999 1.6321091651916504 -0.0458605925189417 0.004855155944824219 -2.346419636403219 -1.3188584486590784 4.793690095539205e-05 -0.009414806962013245 5.752428114647046e-05 -0.0 0.026101643219590187 0.0 0.0 0.22287804953952106 -0.6925895325391043 0.05681708807156145 2.3078161567668225 0.19507319567584103 0.33081749982235154
4168.224 1.6320372819900513 -0.04582435289491826 0.0048313140869140625 -2.3461793104754847 -1.3188946882831019 9.58738019107841e-05 -0.007708253804594278 0.0004410194815136492 -0.0 0.02636529505252838 0.0 0.0 0.22281750316119725 -0.6925790999889078 0.056741147377679074 2.3080826333805957 0.19489480536558218 0.3307885279603283
4168.232 1.6319653987884521 -0.045812431965963185 0.004878997802734375 -2.3459633032428187 -1.3188827673541468 8.388957940042019e-05 -0.00803422462195158 0.0004410194815136492 -0.0 0.02840261347591877 0.0 0.0 0.22276928005655183 -0.6925629966777724 0.05665768653903168 2.3083558999434377 0.1948072283471129 0.33078749002168284
4168.24 1.631905436515808 -0.045836750661031544 0.004855155944824219 -2.3457468191729944 -1.3188584486590784 4.793690095539205e-05 -0.008110923692584038 0.0004410194815136492 -0.0 0.030727554112672806 0.0 0.0 0.22273304639202157 -0.6925544752927032 0.05663323738631411 2.3085163096881613 0.19477688468623627 0.33078413215106495
4168.248 1.6318694353103638 -0.04587251344789678 0.004867076873779297 -2.345495049153463 -1.3188827673541468 4.793690095539205e-05 -0.008379369974136353 0.0004410194815136492 -0.0 0.03242931514978409 -4.793690095539205e-05 0.0 0.2227006278939256 -0.6925369078427452 0.05658929260689502 2.3087475452789405 0.19470364688864245 0.33076065683084693
4168.255999999999 1.6317256689071655 -0.04580051103700811 0.004819393157958984 -2.3452189604388636 -1.3188946882831019 8.388957940042019e-05 -0.006826214492321014 0.0004410194815136492 -0.0 0.033483926206827164 -4.793690095539205e-05 0.0 0.22259624268054728 -0.6925358174757819 0.05649144986160591 2.3090584610474787 0.19446333604681337 0.3307221943141256
4168.264 1.6316896677017212 -0.04582435289491826 0.0048313140869140625 -2.344966236745016 -1.3188827673541468 8.388957940042019e-05 -0.00621262239292264 0.0004410194815136492 -0.0 0.03425091505050659 -4.793690095539205e-05 0.0 0.2225730553199296 -0.6925146206417687 0.05644060408304866 2.3092980381003043 0.19440692782358446 0.33074204786949624
4168.272 1.631654143333435 -0.04580051103700811 0.0048313140869140625 -2.3446906248675745 -1.3188827673541468 7.190534961409867e-05 -0.006442719604820013 0.0004410194815136492 -0.0 0.03501790761947632 -4.793690095539205e-05 0.0 0.22254677377070875 -0.6924881391262045 0.05635541479754025 2.3095955542347966 0.1943534961181976 0.33074798993592863
4168.28 1.631594181060791 -0.04580051103700811 0.004843235015869141 -2.3444016615497034 -1.318906609212057 9.58738019107841e-05 -0.005388107616454363 0.0004410194815136492 -0.0 0.03334011510014534 -4.793690095539205e-05 0.0 0.22249746465886372 -0.6924680505846466 0.05627709258572065 2.3099041182455538 0.19421852155864247 0.33073229714744296
4168.288 1.6315702199935913 -0.04580051103700811 0.004855155944824219 -2.3441737333880823 -1.318930451069967 8.388957940042019e-05 -0.004352670628577471 0.0004410194815136492 -0.0 0.02907373011112213 -4.793690095539205e-05 0.0 0.22247342602329442 -0.6924470494368835 0.056213920131797004 2.310144840266003 0.19417189607744945 0.33071051023500403
4168.295999999999 1.631522297859192 -0.045836750661031544 0.004855155944824219 -2.3439815680133265 -1.3188827673541468 7.190534961409867e-05 -0.004199272487312555 0.0004410194815136492 -0.0 0.023992419242858887 -4.793690095539205e-05 0.0 0.22245163948035668 -0.692435663221598 0.05619405880642665 2.3102936627880597 0.19414062125663095 0.3307513809611652
4168.304 1.6314619779586792 -0.045836750661031544 0.0048313140869140625 -2.343849484120504 -1.3188946882831019 5.992112710373476e-05 -0.0038349521346390247 0.0004218447138555348 -0.0 0.01605886220932007 -4.793690095539205e-05 0.0 0.222406184789781 -0.6924369973165738 0.056171722781761774 2.3104026631331713 0.1940691590913884 0.3307118908583212
4168.312 1.6314743757247925 -0.04580051103700811 0.004878997802734375 -2.3437774817096155 -1.3188827673541468 4.793690095539205e-05 -0.0038349521346390247 0.0003834952076431364 -0.0 0.011480888351798058 -4.793690095539205e-05 0.0 0.22241699050339325 -0.6924164606081946 0.056106916503592924 2.3105543122412673 0.1940893852894344 0.33074147755929056
4168.32 1.6314260959625244 -0.04582435289491826 0.004855155944824219 -2.343741242085592 -1.3188946882831019 4.793690095539205e-05 -0.0033172336407005787 0.0003451456723269075 -0.0 0.005177185405045748 -4.793690095539205e-05 0.0 0.22238055229288306 -0.6924285840846316 0.05612515072067248 2.3105456636142656 0.19402863542373136 0.3307021867501014
4168.3279999999995 1.6314021348953247 -0.04584819475282842 0.004855155944824219 -2.343753163014547 -1.318906609212057 5.992112710373476e-05 -0.0035089810844510794 0.00032597093377262354 -0.0 0.0031398669816553593 -4.793690095539205e-05 0.0 0.22236111108997475 -0.6924383543286226 0.0561443377294666 2.3105141246125482 0.19398437615621544 0.3306787816602788
4168.336 1.6314021348953247 -0.045812431965963185 0.0048313140869140625 -2.343741242085592 -1.3188827673541468 4.793690095539205e-05 -0.003413107246160507 0.0003067961661145091 -0.0 0.002253034384921193 -4.793690095539205e-05 0.0 0.22236705869882645 -0.6924345706310027 0.056128310657691166 2.3105329431380675 0.1940077545386734 0.3307027007428662
4168.344 1.6313421726226807 -0.04580051103700811 0.004819393157958984 -2.343729321156637 -1.3188946882831019 5.992112710373476e-05 -0.003413107246160507 0.00028762139845639467 -0.0 0.0017736653098836541 -4.793690095539205e-05 0.0 0.22232239253518823 -0.6924474245002908 0.056121883227553834 2.310549909251637 0.19391733192103563 0.330665795548415
4168.352 1.6313061714172363 -0.04578859010805303 0.004867076873779297 -2.343753163014547 -1.3188946882831019 8.388957940042019e-05 -0.003067961661145091 0.00026844663079828024 -0.0 0.0014381069922819734 -4.793690095539205e-05 0.0 0.22229730537151965 -0.6924519354754041 0.056097414433226744 2.3105905300385494 0.1938446528488782 0.3306632754825143
4168.36 1.6312942504882812 -0.04582435289491826 0.0048313140869140625 -2.3437774817096155 -1.318918530141012 9.58738019107841e-05 -0.0033939324785023928 0.00024927189224399626 -0.0 0.001390170189552009 -4.793690095539205e-05 0.0 0.22228344338616463 -0.6924662374138704 0.05614399476683693 2.3105002445212497 0.19381383169286642 0.3306261077614552
4168.3679999999995 1.6312702894210815 -0.04580051103700811 0.004795074462890625 -2.343753163014547 -1.318930451069967 4.793690095539205e-05 -0.0033364081755280495 0.00023009712458588183 -0.0 0.001390170189552009 -4.793690095539205e-05 0.0 0.22226367494148158 -0.6924711161887181 0.05613730479039182 2.3105062309825266 0.19383406328149266 0.3305770883857899
4168.376 1.6312342882156372 -0.045812431965963185 0.004878997802734375 -2.343729321156637 -1.3189423719989222 5.992112710373476e-05 -0.0033364081755280495 0.00023009712458588183 -0.0 0.001390170189552009 -4.793690095539205e-05 0.0 0.22223524147596965 -0.6924692017581826 0.05610053366772788 2.3106062160946044 0.19376411364252188 0.33056078359806695
4168.384 1.6311627626419067 -0.045812431965963185 0.004843235015869141 -2.343729321156637 -1.318930451069967 8.388957940042019e-05 -0.0036432044580578804 0.0002109223569277674 -0.0 0.001390170189552009 -4.793690095539205e-05 0.0 0.22218893603243084 -0.6924881793434958 0.05611758818808489 2.3105749906117485 0.1936626420070954 0.33054702822256665
4168.392 1.6311508417129517 -0.04578859010805303 0.004843235015869141 -2.343741242085592 -1.318930451069967 3.5952674807049334e-05 -0.005905826110392809 0.0001917476038215682 -0.0 0.001390170189552009 -4.793690095539205e-05 0.0 0.2221806019417354 -0.6924899399237416 0.05610374655129392 2.3105791811501293 0.1937026805473466 0.3305179342160959
4168.4 1.6310908794403076 -0.04580051103700811 0.004867076873779297 -2.343729321156637 -1.3189423719989222 2.3968450477696024e-05 -0.006423544604331255 0.0001917476038215682 -0.0 0.001390170189552009 -4.793690095539205e-05 0.0 0.22213591481247358 -0.6925012091567786 0.05609763030410618 2.3106040097918146 0.19363885412816165 0.33047020433216145
4168.407999999999 1.6310069561004639 -0.045812431965963185 0.004843235015869141 -2.343729321156637 -1.3189542929278772 4.793690095539205e-05 -0.0063276709988713264 0.00017257283616345376 -0.0 0.0011744541116058826 -4.793690095539205e-05 0.0 0.22207491556877723 -0.6925243265513361 0.05611645315734781 2.310576057943666 0.19351117613730323 0.33042253602308425
4168.416 1.6309590339660645 -0.04576474825014287 0.0048313140869140625 -2.343729321156637 -1.3189905325519007 8.388957940042019e-05 -0.006826214492321014 0.00017257283616345376 -0.0 0.0010306433541700244 -4.793690095539205e-05 0.0 0.22203218513120565 -0.6925340267447778 0.05608662756387983 2.310623480726549 0.19339273156730452 0.33037785268269876
4168.424 1.630874752998352 -0.04580051103700811 0.004843235015869141 -2.343705479298727 -1.3189423719989222 3.5952674807049334e-05 -0.00908883661031723 0.00017257283616345376 -0.0 0.0009108011145144701 -4.793690095539205e-05 0.0 0.2219862185269656 -0.6925489862071166 0.05610270877616365 2.310611726773196 0.1933741870531446 0.3303671513497421
4168.432 1.6307913064956665 -0.04578859010805303 0.004890918731689453 -2.343741242085592 -1.3189542929278772 4.793690095539205e-05 -0.011083011515438557 0.00017257283616345376 -0.0 0.0008149273344315588 -4.793690095539205e-05 0.0 0.22192527407381124 -0.6925661748772847 0.056080628909084315 2.3106411711627164 0.1932552777880481 0.3303195947459254
4168.44 1.6307313442230225 -0.04577666917909795 0.0048313140869140625 -2.343729321156637 -1.3189542929278772 9.58738019107841e-05 -0.011926701292395592 0.00017257283616345376 -0.0 0.0007430219557136297 -0.00033555831760168076 0.0 0.2218838770225524 -0.6925833701171386 0.056096751703987494 2.3106151013140113 0.19313373348319643 0.3303098869376244
4168.447999999999 1.6305515766143799 -0.04580051103700811 0.0048313140869140625 -2.343741242085592 -1.3189542929278772 2.3968450477696024e-05 -0.014131798408925533 0.00017257283616345376 -0.0 0.0006711166352033615 -0.00033555831760168076 0.0 0.22175957793997422 -0.6926269195298563 0.056116506262646845 2.3105721688377456 0.19301092859021388 0.33017930762916936
4168.456 1.6304676532745361 -0.04580051103700811 0.004806995391845703 -2.343729321156637 -1.3189662138568323 7.190534961409867e-05 -0.015416507609188557 0.00017257283616345376 -0.0 0.0006231797160580754 -0.00033555831760168076 0.0 0.22169843124497984 -0.6926475221032292 0.05612419357845991 2.310571479118444 0.19285359442166544 0.33014604637918854
4168.464 1.6303718090057373 -0.045812431965963185 0.004855155944824219 -2.343717400227682 -1.3189786116229456 5.992112710373476e-05 -0.01624102145433426 0.00017257283616345376 -0.0 0.0005752427969127893 -0.00033555831760168076 0.0 0.22162865086917943 -0.6926641240889211 0.05610684338008462 2.3106215296658634 0.19274567607638757 0.33008210430131285
4168.472 1.6302160024642944 -0.04580051103700811 0.004843235015869141 -2.343705479298727 -1.3189905325519007 8.388957940042019e-05 -0.016720391809940338 0.00017257283616345376 -0.0 0.0005273059359751642 -0.00033555831760168076 0.0 0.22151758120169202 -0.6926981643802895 0.056100416136954115 2.310642948247972 0.19253017948553627 0.3300028685558943
4168.48 1.6300722360610962 -0.04577666917909795 0.004890918731689453 -2.343729321156637 -1.319026295338766 5.992112710373476e-05 -0.019155586138367653 0.00017257283616345376 -0.0 0.0005033374764025211 -0.00033555831760168076 0.0 0.22140857942529507 -0.6927276662333589 0.05606584610716467 2.310694661596346 0.1923685120632787 0.3298813965802192
4168.487999999999 1.629928469657898 -0.04576474825014287 0.004890918731689453 -2.343717400227682 -1.319038216267721 4.793690095539205e-05 -0.021379858255386353 0.00017257283616345376 -0.0 0.0004793690168298781 -0.00033555831760168076 0.0 0.2213057881877893 -0.6927577214969023 0.05605392336941231 2.310721643619182 0.1922072459816144 0.32979129709057997
4168.496 1.629749059677124 -0.045812431965963185 0.004855155944824219 -2.343717400227682 -1.319038216267721 4.793690095539205e-05 -0.02329733408987522 0.00017257283616345376 -0.0 0.00043143212678842247 -0.00033555831760168076 0.0 0.221181937718466 -0.6928058316151088 0.05610400643639353 2.3106430968764635 0.19200666274191178 0.32969244281749654
4168.504 1.6295812129974365 -0.045812431965963185 0.004819393157958984 -2.343729321156637 -1.3190024534808558 4.793690095539205e-05 -0.025138109922409058 0.00017257283616345376 -0.0 0.0004074636672157794 -0.0009587380336597562 0.0 0.22107505862941365 -0.6928458999026664 0.05612515217991118 2.310595468729403 0.19183383766475354 0.32964441065564554
4168.512 1.6293652057647705 -0.04578859010805303 0.004806995391845703 -2.343717400227682 -1.319050137196676 5.992112710373476e-05 -0.026039324700832367 0.00017257283616345376 -0.0 0.0004074636672157794 -0.0009587380336597562 0.0 0.2209129910576029 -0.692894353552673 0.05610884369235243 2.3106322107204336 0.19154332079353414 0.3294883188039907
4168.5199999999995 1.6291378736495972 -0.04576474825014287 0.0048313140869140625 -2.343741242085592 -1.319050137196676 3.5952674807049334e-05 -0.026077674701809883 0.00017257283616345376 -0.0 0.0003834952076431364 -0.0009587380336597562 0.0 0.2207553487598094 -0.6929424401632424 0.05608674718738464 2.3106582997106004 0.19130452681487134 0.3293638320014034
4168.528 1.6289457082748413 -0.045812431965963185 0.004843235015869141 -2.343741242085592 -1.3190625349627894 3.5952674807049334e-05 -0.025847576558589935 0.00017257283616345376 -0.0 0.00035952674807049334 -0.0009587380336597562 0.0 0.22061922742963058 -0.6929889189461509 0.05611425792586007 2.3106290816362414 0.19107869010286457 0.32924893547484935
4168.536 1.6286823749542236 -0.04578859010805303 0.0049152374267578125 -2.343729321156637 -1.319050137196676 4.793690095539205e-05 -0.02425607107579708 0.00017257283616345376 -0.0 0.00033555831760168076 -0.0009587380336597562 0.0 0.22043940877081838 -0.6930347663981398 0.05606189929335356 2.310743632004478 0.19075548683250754 0.32914729721059394
4168.544 1.6284791231155396 -0.04580051103700811 0.004867076873779297 -2.343729321156637 -1.3190982977496546 8.388957940042019e-05 -0.02419854700565338 0.00017257283616345376 -0.0 0.00033555831760168076 -0.0015339808305725455 0.0 0.22028644036625053 -0.6930889605191959 0.05609020909992095 2.3107007910813424 0.1904596772369178 0.32900083571926675
4168.552 1.6283233165740967 -0.04577666917909795 0.004855155944824219 -2.343717400227682 -1.319145981465475 8.388957940042019e-05 -0.02502306178212166 0.00017257283616345376 -0.0 0.0003115898580290377 -0.0015339808305725455 0.0 0.2201660440390845 -0.6931239242204548 0.05607368150384161 2.3107343827818356 0.19025278126015596 0.328869145102735
4168.5599999999995 1.6280951499938965 -0.04580051103700811 0.004855155944824219 -2.343729321156637 -1.319145981465475 5.992112710373476e-05 -0.025483256205916405 0.00017257283616345376 -0.0 0.0003115898580290377 -0.003978762775659561 0.0 0.22000809017222614 -0.6931778150425042 0.05609343625308609 2.3107005035273263 0.190018733767535 0.32873827893705804
4168.568 1.6278678178787231 -0.04577666917909795 0.004855155944824219 -2.343753163014547 -1.3192175070392054 7.190534961409867e-05 -0.02532985806465149 0.00017257283616345376 -0.0 0.00028762139845639467 -0.003978762775659561 0.0 0.21983210168065748 -0.6932328665304858 0.05607914892658908 2.3107170143660785 0.18970519767320557 0.3285464124635536
4168.576 1.6276761293411255 -0.04576474825014287 0.004890918731689453 -2.343729321156637 -1.3192537466632288 7.190534961409867e-05 -0.023987624794244766 0.00017257283616345376 -0.0 0.00028762139845639467 -0.005704491399228573 0.0 0.21968955644169325 -0.6932695148181043 0.05604662588773447 2.310797552584537 0.1894580876228359 0.3284147952901387
4168.584 1.6274843215942383 -0.04580051103700811 0.004855155944824219 -2.343717400227682 -1.3192656675921839 8.388957940042019e-05 -0.024045148864388466 0.00017257283616345376 -0.0 0.0002636529679875821 -0.004793690051883459 0.0 0.21955380581109157 -0.6933182820899904 0.05608478728804278 2.3107463464978686 0.18922130049897845 0.32830419154201285
4168.592 1.627328634262085 -0.045812431965963185 0.004806995391845703 -2.343717400227682 -1.3193014303790491 4.793690095539205e-05 -0.026077674701809883 0.00017257283616345376 -0.0 0.0002636529679875821 -0.003954794257879257 0.0 0.21943693485684954 -0.6933610554312667 0.056113689498227856 2.3106888301484068 0.18906959224209915 0.32815980153005536
4168.599999999999 1.6271249055862427 -0.045752827321187794 0.0048313140869140625 -2.343729321156637 -1.3193257490741175 5.992112710373476e-05 -0.028359470888972282 0.00017257283616345376 -0.0 0.00023968450841493905 -0.003954794257879257 0.0 0.2192890409058099 -0.693400356807556 0.05606228213210983 2.310770591906035 0.18880026963600113 0.32804190818612844
4168.608 1.6268491744995117 -0.04580051103700811 0.004867076873779297 -2.343717400227682 -1.3193495909320276 5.992112710373476e-05 -0.028206072747707367 0.00017257283616345376 -0.0 0.00023968450841493905 -0.0032357408199459314 0.0 0.21909177401917734 -0.6934616215346394 0.05607530143532946 2.3107802910305266 0.18846851623388577 0.3278751456078199
4168.616 1.6266698837280273 -0.04576474825014287 0.0048313140869140625 -2.343717400227682 -1.3193734327899378 7.190534961409867e-05 -0.027515780180692673 0.00017257283616345376 -0.0 0.00023968450841493905 -0.0032357408199459314 0.0 0.21896125167109456 -0.693502831803968 0.05606545803501699 2.310789588126336 0.18823452186623824 0.3277628669822559
4168.624 1.626418113708496 -0.04577666917909795 0.004867076873779297 -2.343729321156637 -1.3194215933429163 8.388957940042019e-05 -0.027362382039427757 0.00017257283616345376 -0.0 0.00021571606339421123 -0.0032357408199459314 0.0 0.2187742379175755 -0.6935596609937669 0.05605803730413067 2.310815496826735 0.18790336652886472 0.32758712094016423
4168.632 1.6262140274047852 -0.04580051103700811 0.004878997802734375 -2.343729321156637 -1.3194454352008265 4.793690095539205e-05 -0.026192722842097282 0.00015339808305725455 -0.0 0.00021571606339421123 -0.003595267655327916 0.0 0.2186266412940985 -0.6936067981511205 0.05606820693671545 2.310805616377625 0.187697078613795 0.32743707992243454
4168.639999999999 1.6260106563568115 -0.045812431965963185 0.004819393157958984 -2.343705479298727 -1.31950551668276 5.992112710373476e-05 -0.0240643247961998 0.00015339808305725455 -0.0 0.00021571606339421123 -0.003595267655327916 0.0 0.21847031140675482 -0.6936598156658436 0.05609531801003123 2.310772390919288 0.18742175687376825 0.32726581373836483
4168.648 1.625830888748169 -0.04578859010805303 0.004855155944824219 -2.343717400227682 -1.319493595753805 5.992112710373476e-05 -0.02383422665297985 0.00015339808305725455 -0.0 0.00021571606339421123 -0.0036671729758381844 0.0 0.21834846007430092 -0.6936935834440644 0.05606555447027893 2.310822751751684 0.18721444842336463 0.3271936971490795
4168.656 1.6256271600723267 -0.045812431965963185 0.004867076873779297 -2.343717400227682 -1.3195651213275355 3.5952674807049334e-05 -0.025617480278015137 0.00013422331539914012 -0.0 0.0001917476038215682 -0.0036671729758381844 0.0 0.2181888168565817 -0.693743554633209 0.05607345942935889 2.310820672085126 0.18697105811328607 0.3269945097814092
4168.664 1.6254115104675293 -0.04578859010805303 0.004867076873779297 -2.343693558369772 -1.3195770422564905 7.190534961409867e-05 -0.02768835425376892 0.00013422331539914012 -0.0 0.0001917476038215682 -0.0037390782963484526 0.0 0.21803589194639755 -0.6937862719249892 0.05605018106820178 2.310880660820359 0.18666897641303085 0.32689475108057015
4168.672 1.625196099281311 -0.04577666917909795 0.004867076873779297 -2.343717400227682 -1.3196247259723108 3.5952674807049334e-05 -0.027534956112504005 0.00013422331539914012 -0.0 0.0001917476038215682 -0.0037390782963484526 0.0 0.2178742198541165 -0.693837865503663 0.056045430554210976 2.3108739309862734 0.1864374324385352 0.32671118447442193
4168.679999999999 1.6249680519104004 -0.04576474825014287 0.004878997802734375 -2.3436697165118616 -1.319636646901266 5.992112710373476e-05 -0.02502306178212166 0.00013422331539914012 -0.0 0.0001917476038215682 -0.004649879410862923 0.0 0.2177125782542235 -0.6938802808183678 0.05601914236184352 2.3109559574680243 0.18613265648785826 0.326601615653233
4168.688 1.624800682067871 -0.04574042955507451 0.004890918731689453 -2.3436573187457483 -1.3196728865252894 5.992112710373476e-05 -0.0240643247961998 0.00011504856229294091 -0.0 0.0001917476038215682 -0.005824333522468805 0.0 0.21758687775296592 -0.6939139185953807 0.055991716175920775 2.311012832282334 0.18591571415574346 0.3264799554129987
4168.696 1.6245849132537842 -0.04570466676820928 0.004927158355712891 -2.34363300005068 -1.3197806517230433 7.190534961409867e-05 -0.023623304441571236 0.00011504856229294091 7.190534961409867e-05 0.0001917476038215682 -0.009347695857286453 0.0 0.21740896798375647 -0.6939574234663088 0.05593866333289842 2.311129107769886 0.18558875031190233 0.3262617340096107
4168.704 1.6244171857833862 -0.04568082491029912 0.004890918731689453 -2.34363300005068 -1.3199599424945276 7.190534961409867e-05 -0.022722091525793076 0.00011504856229294091 7.190534961409867e-05 0.0001917476038215682 -0.0186474546790123 0.0 0.21724644068426924 -0.6940067263600784 0.05593006407752167 2.3111427960490274 0.18530575045309433 0.3259674857990808
4168.7119999999995 1.6242374181747437 -0.04568082491029912 0.004927158355712891 -2.3435972372638147 -1.32009202638735 7.190534961409867e-05 -0.020593691617250443 0.0027228158432990313 7.190534961409867e-05 0.0001917476038215682 -0.022530343383550644 0.0 0.21708737730080047 -0.694045932282065 0.0558982220545963 2.311234996413492 0.18502470503053026 0.3257307576895207
4168.72 1.6240456104278564 -0.04562074342836553 0.00495147705078125 -2.3435614744769495 -1.3203070799456995 5.992112710373476e-05 -0.01998010091483593 0.010335195809602737 0.0024447820615023375 0.002588592702522874 -0.029816752299666405 0.0 0.21689831320548278 -0.6940884104233972 0.0558256143547244 2.31138372882919 0.18469741017035007 0.32539032295493797
4168.728 1.6239018440246582 -0.04551297823061162 0.004939079284667969 -2.3435614744769495 -1.320594612752096 3.5952674807049334e-05 -0.020248547196388245 0.01507136132568121 0.0024447820615023375 0.002588592702522874 -0.03254915773868561 0.0 0.21672397494570927 -0.6941285030805142 0.055741782353379496 2.311513613458451 0.184405558998854 0.3249812001036826
4168.736 1.6237584352493286 -0.04539329210390264 0.004975318908691406 -2.3435733954059046 -1.320833985005514 4.793690095539205e-05 -0.020382769405841827 0.01888713799417019 0.0024447820615023375 0.002588592702522874 -0.033603768795728683 0.0 0.21656207809183747 -0.6941604515953399 0.0556323751792135 2.3116917795991103 0.18409217190242524 0.32465130054410346
4168.744 1.6235662698745728 -0.045224968587056935 0.004975318908691406 -2.3435614744769495 -1.321097199116842 7.190534961409867e-05 -0.020958013832569122 0.021034711971879005 0.0024447820615023375 0.0021092237439006567 -0.035233624279499054 0.0 0.21635994887513693 -0.6942008169549628 0.05549837540570168 2.3119119881447743 0.1836930045182123 0.32427871005893266
4168.7519999999995 1.6233749389648438 -0.04504520097841436 0.004927158355712891 -2.3435490767108362 -1.3214085737811487 3.5952674807049334e-05 -0.022530343383550644 0.02274126559495926 0.0020133499056100845 0.0016777915880084038 -0.03554521128535271 0.0 0.21614609892094816 -0.694247955014259 0.05537613372402653 2.312092296343754 0.18334307225599086 0.32381657738437325
4168.76 1.6232070922851562 -0.0448535124408167 0.004975318908691406 -2.3435733954059046 -1.321683708821432 4.793690095539205e-05 -0.024121848866343498 0.024466993287205696 0.0016058861510828137 0.001390170189552009 -0.034274883568286896 0.0 0.21595761571038316 -0.6942803958429065 0.05521191748036042 2.312346527575262 0.18297654763295568 0.3234398784366443
4168.768 1.623086929321289 -0.044661823903219044 0.00495147705078125 -2.343621079121725 -1.3218877951251429 4.793690095539205e-05 -0.02532985806465149 0.02515728585422039 0.001342233270406723 0.0011744541116058826 -0.030344057828187943 0.0 0.21582090313214036 -0.6943086145971311 0.05509005045384857 2.3124939972349083 0.18272328057395076 0.32315390606058947
4168.776 1.622847557067871 -0.04447013536562139 0.004963397979736328 -2.3436573187457483 -1.3220909277545374 5.992112710373476e-05 -0.025598304346203804 0.02281796559691429 0.0011504855938255787 0.0010306433541700244 -0.02370479702949524 0.0 0.21560147069451752 -0.6943572031980942 0.05494890986103315 2.312692942164909 0.18231389420066466 0.3228198057124545
4168.784 1.6227277517318726 -0.044326130543844044 0.004963397979736328 -2.3436697165118616 -1.3221986929522913 4.793690095539205e-05 -0.02377670258283615 0.017295634374022484 0.0010066749528050423 0.0009108011145144701 -0.012535499408841133 0.0 0.2154898077817604 -0.6943771745929899 0.0548454468550507 2.312838032516527 0.18212203164244165 0.322641201651404
4168.7919999999995 1.6225364208221436 -0.04428989091982061 0.0049152374267578125 -2.3436573187457483 -1.3222106138812464 4.793690095539205e-05 -0.019155586138367653 0.01014344859868288 0.0008868326549418271 0.0008149273344315588 -0.0076219672337174416 0.0 0.2153538042260199 -0.694419390055403 0.05483847965824398 2.3128442388499737 0.18189362751133 0.32253080663672656
4168.8 1.6224042177200317 -0.04425412813295537 0.004939079284667969 -2.343693558369772 -1.322162930165426 8.388957940042019e-05 -0.016816264018416405 0.0054456316865980625 0.0007909588748589158 0.0007430219557136297 -0.003906857687979937 0.0 0.21527417076913988 -0.694443113650635 0.05481352442572501 2.312870357228115 0.18171992400445447 0.322539972639035
4168.808 1.6222963333129883 -0.04425412813295537 0.004939079284667969 -2.343693558369772 -1.3222225348102015 7.190534961409867e-05 -0.01507136132568121 0.0024351945612579584 0.0007190534961409867 0.0006711166352033615 -0.002636529505252838 0.0 0.2151838928391352 -0.694470002934287 0.054810716588684694 2.312878125456644 0.1815787293811127 0.3224102696322304
4168.816 1.6222244501113892 -0.04425412813295537 0.0049152374267578125 -2.3436697165118616 -1.3221986929522913 5.992112710373476e-05 -0.013326458632946014 0.0015723303658887744 0.0006711166352033615 0.0006231797160580754 -0.0019893813878297806 0.0 0.21514009355566008 -0.6944837941668778 0.05481691848371467 2.3128748875365717 0.18152093822930956 0.32239568331787155
4168.824 1.6220805644989014 -0.044242207204000294 0.004927158355712891 -2.3436816374408167 -1.3222225348102015 3.5952674807049334e-05 -0.012406069785356522 0.0011504855938255787 0.0005992112564854324 0.0005752427969127893 -0.0015819177497178316 0.0 0.21503396950815368 -0.6945151563380056 0.054804857033561694 2.312889034153196 0.18136830271445734 0.32228453016580494
4168.831999999999 1.622009038925171 -0.044242207204000294 0.0049152374267578125 -2.3436697165118616 -1.3221986929522913 8.388957940042019e-05 -0.011754128150641918 0.0009203884983435273 0.0005752427969127893 0.0005273059359751642 -0.001318264752626419 0.0 0.21499042619055184 -0.6945289653393193 0.05480851952458107 2.3128953280487483 0.18124191815585716 0.3223003393212419
4168.84 1.621913194656372 -0.04421836534609014 0.004890918731689453 -2.3436573187457483 -1.3222225348102015 4.793690095539205e-05 -0.011524030938744545 0.0007478156476281583 0.0005273059359751642 0.0005033374764025211 -0.0011265171924605966 0.0 0.21491762179829957 -0.6945499073238128 0.05479873491125335 2.3129065042946153 0.18115890838973994 0.3222073308825117
4168.848 1.6217933893203735 -0.044230286275045216 0.00495147705078125 -2.3436697165118616 -1.3221867720233362 9.58738019107841e-05 -0.011830827221274376 0.0006327670998871326 0.0005033374764025211 0.0004793690168298781 -0.0009827064350247383 0.0 0.21484352554692607 -0.6945694839905953 0.05478397635434838 2.312948476810121 0.18097898420690756 0.32221642456024546
4168.856 1.6217091083526611 -0.044242207204000294 0.004939079284667969 -2.343693558369772 -1.3221986929522913 5.992112710373476e-05 -0.011965050362050533 0.0005560680292546749 0.00045540055725723505 0.00043143212678842247 -0.0008868326549418271 0.0 0.2147821269192199 -0.6945936244124153 0.05480344068556775 2.3128980783399826 0.18092096922708076 0.32213701166396685
4168.864 1.6216015815734863 -0.044230286275045216 0.004963397979736328 -2.3436816374408167 -1.3221986929522913 5.992112710373476e-05 -0.01142815686762333 0.0004985437844879925 0.00043143212678842247 0.0004074636672157794 -0.0007909588748589158 0.0 0.21470723627494673 -0.6946115153688037 0.05478087532848834 2.3129483989233353 0.18079155429253121 0.32208772689925363
4168.871999999999 1.6215417385101318 -0.044242207204000294 0.004939079284667969 -2.3436816374408167 -1.3222106138812464 7.190534961409867e-05 -0.011178885586559772 0.0004410194815136492 0.0004074636672157794 0.0004074636672157794 -0.0007190534961409867 0.0 0.21466274506111582 -0.6946288943404455 0.05479992317979328 2.3129169649645727 0.1807057223818575 0.32204603586498864
4168.88 1.6214457750320435 -0.044242207204000294 0.004939079284667969 -2.3436697165118616 -1.3221986929522913 5.992112710373476e-05 -0.01284708920866251 0.0004026699753012508 0.0003834952076431364 0.0003834952076431364 -0.0006711166352033615 0.0 0.2145991044121171 -0.6946473600616525 0.054797528802044526 2.312927561832195 0.18061288411740342 0.3220066856802405
4168.888 1.6213380098342896 -0.044230286275045216 0.00495147705078125 -2.3436573187457483 -1.3221986929522913 2.3968450477696024e-05 -0.014687865972518921 0.00036432043998502195 0.0003834952076431364 0.00035952674807049334 -0.0005992112564854324 0.0 0.21452408379845858 -0.6946665221415631 0.054780340634789745 2.312960762976803 0.1805256361016544 0.3219379742066388
4168.896 1.6212180852890015 -0.044242207204000294 0.004939079284667969 -2.3436816374408167 -1.3221986929522913 7.190534961409867e-05 -0.015033012256026268 0.00032597093377262354 0.00035952674807049334 0.00033555831760168076 -0.0005752427969127893 0.0 0.21444098716243415 -0.6946976038784094 0.05480048473545773 2.312922519842299 0.1803356270045807 0.32189667989168347
4168.9039999999995 1.6210622787475586 -0.04425412813295537 0.0049152374267578125 -2.3436573187457483 -1.3221748510943812 8.388957940042019e-05 -0.01489878911525011 0.0003067961661145091 0.00033555831760168076 0.00033555831760168076 -0.0005273059359751642 0.0 0.2143389296481008 -0.6947304391591979 0.05481496745292519 2.312913463354703 0.18015386962138674 0.32185070924128345
4168.912 1.6209545135498047 -0.04420596757997686 0.004878997802734375 -2.343693558369772 -1.3222106138812464 5.992112710373476e-05 -0.01507136132568121 0.00028762139845639467 0.00033555831760168076 0.0003115898580290377 -0.0005033374764025211 0.0 0.21425487943778224 -0.6947592442350675 0.05480504306275401 2.3128921396022633 0.18004039179922426 0.3217400526274057
4168.92 1.6208345890045166 -0.04425412813295537 0.004975318908691406 -2.3436573187457483 -1.3222106138812464 7.190534961409867e-05 -0.01612597331404686 0.00026844663079828024 0.0003115898580290377 0.0003115898580290377 -0.00045540055725723505 0.0 0.21417131439911682 -0.6947748806467999 0.05478558620213014 2.3129806667449406 0.1798797520823127 0.3216945168968162
4168.928 1.6207151412963867 -0.04420596757997686 0.004939079284667969 -2.343644920979635 -1.3222225348102015 3.5952674807049334e-05 -0.01733398251235485 0.00024927189224399626 0.00028762139845639467 0.00028762139845639467 -0.00043143212678842247 0.0 0.2140850752648733 -0.6947989971306917 0.05476472479290062 2.3130032168624464 0.1797739729700784 0.32160467203835236
4168.936 1.6205593347549438 -0.04421836534609014 0.00495147705078125 -2.343705479298727 -1.3222225348102015 5.992112710373476e-05 -0.019634954631328583 0.00023009712458588183 0.00028762139845639467 0.00028762139845639467 -0.0004074636672157794 0.0 0.21397710070342504 -0.6948393116351441 0.05478276046567654 2.312950012442696 0.17957088534704643 0.32153194706941607
4168.9439999999995 1.620415210723877 -0.04421836534609014 0.0049152374267578125 -2.3436573187457483 -1.3222106138812464 4.793690095539205e-05 -0.021686654537916183 0.00023009712458588183 0.00028762139845639467 0.0002636529679875821 -0.0003834952076431364 0.0 0.2138799456913455 -0.6948676997614048 0.05478808592512627 2.3129615982986125 0.1794222020140511 0.3214683114621627
4168.952 1.620235800743103 -0.04421836534609014 0.004927158355712891 -2.3436697165118616 -1.3222468535052698 5.992112710373476e-05 -0.024236897006630898 0.0002109223569277674 0.0002636529679875821 0.0002636529679875821 -0.0003834952076431364 0.0 0.21374594657424772 -0.6949084317386023 0.054783957725761584 2.312971250828028 0.17918195060963935 0.321341721770204
4168.96 1.6200200319290161 -0.044230286275045216 0.004927158355712891 -2.3436573187457483 -1.3222106138812464 4.793690095539205e-05 -0.025559956207871437 0.0002109223569277674 0.0002636529679875821 0.00023968450841493905 -0.00035952674807049334 0.0 0.21360535206760217 -0.694952027129047 0.05479098950307787 2.3129699471393583 0.17896314600180394 0.3212690610730001
4168.968 1.6198523044586182 -0.04421836534609014 0.0049152374267578125 -2.3436573187457483 -1.3222106138812464 5.992112710373476e-05 -0.027458256110548973 0.0001917476038215682 0.00023968450841493905 0.00023968450841493905 -0.00033555831760168076 0.0 0.21348876644491063 -0.6949879840273993 0.05478808592512627 2.312975363207608 0.1787544301638247 0.32119048094869235
4168.976 1.6196006536483765 -0.04420596757997686 0.0049152374267578125 -2.3436816374408167 -1.3222225348102015 9.58738019107841e-05 -0.03123568370938301 0.0001917476038215682 0.00023968450841493905 0.00023968450841493905 -0.00033555831760168076 0.0 0.21331083182317107 -0.6950440648474306 0.05478481958961551 2.312975874751166 0.1784157345357892 0.32106656906403275
4168.9839999999995 1.6193493604660034 -0.044242207204000294 0.00495147705078125 -2.3436697165118616 -1.322258774434225 7.190534961409867e-05 -0.032999761402606964 0.00017257283616345376 0.00023968450841493905 0.00021571606339421123 -0.0003115898580290377 0.0 0.21312683293123624 -0.6950980259853654 0.054788983598641955 2.3129936131026327 0.17813245076262987 0.32088699699575746
4168.992 1.6191213130950928 -0.044230286275045216 0.004939079284667969 -2.3436697165118616 -1.32227069536318 5.992112710373476e-05 -0.032884713262319565 0.00017257283616345376 0.00021571606339421123 0.00021571606339421123 -0.00028762139845639467 0.0 0.21296521971233523 -0.6951475257497955 0.054785738395889155 2.3129974237646067 0.17787536912078922 0.3207520031995349
4169.0 1.6188100576400757 -0.04419452348817998 0.004975318908691406 -2.3436816374408167 -1.322258774434225 5.992112710373476e-05 -0.03393932431936264 0.00015339808305725455 0.00021571606339421123 0.00021571606339421123 -0.00028762139845639467 0.0 0.21275166835377332 -0.6952070444687855 0.054747353226090284 2.3130621918499745 0.17751383481083582 0.32061504557472076
4169.008 1.6185344457626343 -0.04419452348817998 0.004939079284667969 -2.3436816374408167 -1.3222945372210901 2.3968450477696024e-05 -0.03639369457960129 0.00015339808305725455 0.00021571606339421123 0.00021571606339421123 -0.00028762139845639467 0.0 0.2125509474439381 -0.6952717613906705 0.05476237468591773 2.3130304592411766 0.17722065563105172 0.3204125682968075
4169.016 1.6182228326797485 -0.0441821257220667 0.004927158355712891 -2.3436573187457483 -1.3223307768451136 5.992112710373476e-05 -0.04066966474056244 0.00015339808305725455 0.00021571606339421123 0.0001917476038215682 -0.0002636529679875821 0.0 0.21232481390439928 -0.6953373891881447 0.05475139852959689 2.3130715360409115 0.17679689622181205 0.3202339916154664
4169.023999999999 1.6178632974624634 -0.044242207204000294 0.004902839660644531 -2.3436697165118616 -1.3223188559161585 3.5952674807049334e-05 -0.04373762756586075 0.00015339808305725455 0.0001917476038215682 0.0001917476038215682 -0.0002636529679875821 0.0 0.21207829554798963 -0.6954228937229117 0.054808575549492755 2.3129771578927762 0.1764221385024835 0.3200444489044541
4169.032 1.6175520420074463 -0.044230286275045216 0.004939079284667969 -2.3436697165118616 -1.3223064581500452 9.58738019107841e-05 -0.04442792013287544 0.00013422331539914012 0.0001917476038215682 0.0001917476038215682 -0.0002636529679875821 0.0 0.21186485816102574 -0.6954830265389937 0.05478405422506817 2.3130391659215053 0.17599311817692645 0.31993710351036597
4169.04 1.6171681880950928 -0.044230286275045216 0.0049152374267578125 -2.343644920979635 -1.3223307768451136 9.58738019107841e-05 -0.043833501636981964 0.00013422331539914012 0.0001917476038215682 0.0001917476038215682 -0.0002636529679875821 0.0 0.21159158149962157 -0.6955654443157713 0.05478775148329916 2.3130506713246435 0.1755350817043001 0.31971533473338104
4169.048 1.6167850494384766 -0.04417020479311162 0.00495147705078125 -2.3436697165118616 -1.3223665396319788 7.190534961409867e-05 -0.04442792013287544 0.00013422331539914012 0.0001917476038215682 0.0001917476038215682 -0.0018695391481742263 0.0 0.2113155408894248 -0.6956417507418482 0.054733179374172616 2.3131300305869376 0.1750926328995403 0.31947578988794606
4169.056 1.6164494752883911 -0.04419452348817998 0.00495147705078125 -2.3436816374408167 -1.322390381489889 7.190534961409867e-05 -0.0437951534986496 0.00013422331539914012 0.0001917476038215682 0.00016777915880084038 -0.0018695391481742263 0.0 0.21107609874850042 -0.6957178157441697 0.05475214670307768 2.313103372367192 0.17469446454772372 0.3192750795239298
4169.063999999999 1.6160904169082642 -0.044242207204000294 0.0049152374267578125 -2.3436573187457483 -1.3224142233477991 7.190534961409867e-05 -0.042280346155166626 0.00011504856229294091 0.00016777915880084038 0.00016777915880084038 -0.004673847928643227 0.0 0.2108203688132262 -0.695800700264681 0.05479529633437816 2.3130538514369885 0.174271481588065 0.3190601109029615
4169.072 1.615742802619934 -0.04420596757997686 0.004927158355712891 -2.3436697165118616 -1.322533909474508 5.992112710373476e-05 -0.04193520173430443 0.00011504856229294091 0.00016777915880084038 0.00016777915880084038 -0.010474213398993015 0.0 0.2105474412663747 -0.6958777427801501 0.054761709621710106 2.313108862618077 0.17381830015327837 0.31874333085820206
4169.08 1.6154072284698486 -0.04425412813295537 0.00495147705078125 -2.3436697165118616 -1.3226898352252405 4.793690095539205e-05 -0.0433349572122097 0.00011504856229294091 0.00016777915880084038 0.00016777915880084038 -0.02183525823056698 0.0 0.21027381913504517 -0.69595969605771 0.05477709724120136 2.31310866239545 0.17336721277775466 0.31838447628356603
4169.088 1.615059733390808 -0.04421836534609014 0.004939079284667969 -2.3436697165118616 -1.322892967854635 4.793690095539205e-05 -0.04686311259865761 0.00011504856229294091 0.00016777915880084038 0.00016777915880084038 -0.028258804231882095 0.0 0.20997939962780543 -0.6960426999614769 0.054748067192053496 2.3131632450980613 0.17286007289296001 0.31797554438754966
4169.096 1.6146641969680786 -0.044242207204000294 0.0049152374267578125 -2.3436816374408167 -1.3231561819659632 8.388957940042019e-05 -0.04843544587492943 0.00011504856229294091 0.00016777915880084038 0.00016777915880084038 -0.033124398440122604 0.0 0.20963633678938112 -0.6961476496735532 0.05476645347949134 2.3131488882364235 0.17223402239954444 0.31748210227728296
4169.103999999999 1.6143170595169067 -0.04421836534609014 0.0049152374267578125 -2.343705479298727 -1.3234556357013147 5.992112710373476e-05 -0.050276219844818115 9.58738019107841e-05 0.00016777915880084038 0.00014381069922819734 -0.031087080016732216 0.0 0.2093173190840577 -0.6962386195148205 0.05474152058776213 2.3131880711314707 0.17170918912920619 0.31694691396240526
4169.112 1.6138737201690674 -0.04421836534609014 0.004855155944824219 -2.3436697165118616 -1.3236473242389124 4.793690095539205e-05 -0.049432530999183655 9.58738019107841e-05 0.00014381069922819734 0.00014381069922819734 -0.025262746959924698 0.0 0.20895916037546666 -0.6963450156479293 0.0547513678148837 2.3131934412244064 0.17111505953561906 0.3164919270015569
4169.12 1.6134905815124512 -0.04421836534609014 0.004939079284667969 -2.3436816374408167 -1.3238032499896448 8.388957940042019e-05 -0.04701651260256767 9.58738019107841e-05 0.00014381069922819734 0.00014381069922819734 -0.018695391714572906 0.0 0.20865188942341498 -0.6964264946770468 0.05470832839976404 2.313296465807301 0.17054406214659423 0.3161432742237687
4169.128 1.613082766532898 -0.044230286275045216 0.004902839660644531 -2.343705479298727 -1.3239105383502405 5.992112710373476e-05 -0.0459619015455246 9.58738019107841e-05 0.00014381069922819734 0.00014381069922819734 -0.01270327903330326 0.0 0.20834037340996023 -0.6965257459497884 0.05473432877390057 2.313241454360332 0.17005146614466665 0.3157931750244673
4169.1359999999995 1.6126751899719238 -0.044242207204000294 0.004890918731689453 -2.3436816374408167 -1.3239944616900843 7.190534961409867e-05 -0.04759175330400467 9.58738019107841e-05 0.00014381069922819734 0.00014381069922819734 -0.011121361516416073 0.0 0.2080347880741175 -0.6966151849972124 0.05473838429504713 2.3132606657380386 0.16952260243145106 0.3154961269164282
4169.144 1.6123161315917969 -0.04419452348817998 0.004939079284667969 -2.3436816374408167 -1.3241146246539515 7.190534961409867e-05 -0.05083229020237923 9.58738019107841e-05 0.00014381069922819734 0.00014381069922819734 -0.010210559703409672 0.0 0.20775327039060243 -0.6966870087630259 0.05467695802157141 2.313376921462595 0.16903625838020195 0.3151854456247702
4169.152 1.6118847131729126 -0.04421836534609014 0.004939079284667969 -2.343693558369772 -1.3241379896747034 7.190534961409867e-05 -0.052442967891693115 9.58738019107841e-05 0.00014381069922819734 0.00014381069922819734 -0.008700547739863396 0.0 0.20744679110854725 -0.6967816574829249 0.05469562239709985 2.3133516108475964 0.16852703631787797 0.31493689945941056
4169.16 1.6114776134490967 -0.04425412813295537 0.0049152374267578125 -2.343705479298727 -1.324186150227682 9.58738019107841e-05 -0.05595194920897484 9.58738019107841e-05 0.00014381069922819734 0.00014381069922819734 -0.005872270558029413 0.0 0.20715091696064003 -0.6968763330359267 0.05473252107770586 2.313296841274547 0.16800965500113632 0.3146801032310702
4169.168 1.6109981536865234 -0.04420596757997686 0.004927158355712891 -2.343705479298727 -1.324209992085592 9.58738019107841e-05 -0.0582720972597599 7.669904152862728e-05 0.00014381069922819734 0.00011984225420746952 -0.005872270558029413 0.0 0.20681037516281264 -0.6969709865894196 0.05469197345225857 2.3133676094561375 0.1674348255408456 0.3144167681870794
4169.1759999999995 1.610482931137085 -0.044230286275045216 0.004878997802734375 -2.343705479298727 -1.324186150227682 3.5952674807049334e-05 -0.05911578610539436 7.669904152862728e-05 0.00011984225420746952 0.00011984225420746952 -0.003595267655327916 0.0 0.20645763052050536 -0.6970836644490699 0.05473243039253951 2.3132921414072793 0.16692444083680594 0.3141465437032642
4169.184 1.6099915504455566 -0.04421836534609014 0.004927158355712891 -2.343729321156637 -1.324198071156637 8.388957940042019e-05 -0.061109960079193115 7.669904152862728e-05 0.00011984225420746952 0.00011984225420746952 -0.0024687503464519978 0.0 0.2061119035708042 -0.6971821253424934 0.05470718107775227 2.3133449067436027 0.16628890247630188 0.3139127871475131
4169.192 1.6094889640808105 -0.044242207204000294 0.004927158355712891 -2.343717400227682 -1.324221436177389 9.58738019107841e-05 -0.062375493347644806 7.669904152862728e-05 0.00011984225420746952 0.00011984225420746952 -0.0018935076659545302 0.0 0.2057555026393434 -0.6972878935022323 0.05471993201173536 2.3133457882031343 0.1656810453258014 0.3136368618241215
4169.2 1.6089855432510376 -0.044242207204000294 0.004902839660644531 -2.343705479298727 -1.3242452780352991 5.992112710373476e-05 -0.06204952299594879 7.669904152862728e-05 0.00011984225420746952 0.00011984225420746952 -0.0016777915880084038 0.0 0.20539830001666515 -0.6973940080002061 0.05472707351539097 2.3133389866905527 0.16512714505576429 0.31333562984351215
4169.208 1.6083983182907104 -0.044242207204000294 0.004902839660644531 -2.343693558369772 -1.3243172804461878 5.992112710373476e-05 -0.06471481919288635 7.669904152862728e-05 0.00011984225420746952 0.00011984225420746952 -0.0016777915880084038 0.0 0.20497008066732203 -0.697517246901352 0.054720751469111845 2.3133687847792435 0.16440814829004835 0.31295692707352885
4169.215999999999 1.6079070568084717 -0.04421836534609014 0.004890918731689453 -2.3436816374408167 -1.3243535200702112 8.388957940042019e-05 -0.06830049306154251 7.669904152862728e-05 0.00011984225420746952 0.00011984225420746952 -0.004266384057700634 0.0 0.2046179165425107 -0.6976175173422278 0.05470479723259075 2.3134080356862055 0.16378950980386983 0.31268150975045556
4169.224 1.6073077917099 -0.04426604906191045 0.004927158355712891 -2.343705479298727 -1.324437443410055 2.3968450477696024e-05 -0.07274904102087021 7.669904152862728e-05 0.00011984225420746952 0.00011984225420746952 -0.007957525551319122 0.0 0.20417828677998662 -0.6977483111549122 0.054723682576077 2.313383299994557 0.16312441131717145 0.3122476490762842
4169.232 1.6067569255828857 -0.044230286275045216 0.004975318908691406 -2.343705479298727 -1.3244970480548304 4.793690095539205e-05 -0.07786870002746582 7.669904152862728e-05 0.00011984225420746952 0.00011984225420746952 -0.01447694469243288 0.0 0.20377823789053814 -0.6978553672867084 0.05467349158170784 2.313485759766488 0.16241887955154893 0.311921519262324
4169.24 1.6060738563537598 -0.04420596757997686 0.004963397979736328 -2.343717400227682 -1.324688736592428 9.58738019107841e-05 -0.08275826275348663 7.669904152862728e-05 0.00011984225420746952 0.00011984225420746952 -0.02015746757388115 0.0 0.2032518626510834 -0.6980056435888031 0.054655860919435986 2.3135264818148715 0.1614747041289891 0.31137828324136896
4169.248 1.605450987815857 -0.04421836534609014 0.004902839660644531 -2.343693558369772 -1.3248561064349573 4.793690095539205e-05 -0.0832568109035492 7.669904152862728e-05 0.00011984225420746952 0.00011984225420746952 -0.022578280419111252 0.0 0.20277383016679967 -0.698146594145883 0.054678799197631925 2.313499747229838 0.16072823842227518 0.310839966189823
4169.255999999999 1.604767918586731 -0.044230286275045216 0.004890918731689453 -2.343729321156637 -1.3250959555255335 8.388957940042019e-05 -0.08147355914115906 5.752428114647046e-05 0.00011984225420746952 9.58738019107841e-05 -0.02900182455778122 0.0 0.2022349570423302 -0.6983051541004762 0.054690390783246834 2.3134842789422505 0.15978000994898592 0.310228241635506
4169.264 1.6040372848510742 -0.044242207204000294 0.004878997802734375 -2.343717400227682 -1.3253353277789515 7.190534961409867e-05 -0.08220219612121582 5.752428114647046e-05 9.58738019107841e-05 9.58738019107841e-05 -0.03616839274764061 0.0 0.2016627454769319 -0.6984672517902935 0.05469018504303719 2.313509561092755 0.15882742382589346 0.30957407225490324
4169.272 1.6033540964126587 -0.04425412813295537 0.004927158355712891 -2.343741242085592 -1.325646702443258 7.190534961409867e-05 -0.0857686996459961 5.752428114647046e-05 9.58738019107841e-05 9.58738019107841e-05 -0.04304733872413635 0.0 0.20110488436226806 -0.6986210331000671 0.05466780923176384 2.313568553497842 0.157877736691031 0.3088689440852013
4169.28 1.602683424949646 -0.04420596757997686 0.0049152374267578125 -2.343729321156637 -1.32599383989443 3.5952674807049334e-05 -0.08799297362565994 5.752428114647046e-05 9.58738019107841e-05 9.58738019107841e-05 -0.04460528865456581 0.0 0.20054618854107573 -0.6987703361637405 0.054620281512125196 2.313661815706631 0.156962432391055 0.30811420195967276
4169.288 1.6019643545150757 -0.044242207204000294 0.004902839660644531 -2.343717400227682 -1.326364819203512 8.388957940042019e-05 -0.08966118097305298 5.752428114647046e-05 9.58738019107841e-05 9.58738019107841e-05 -0.04637895151972771 0.0 0.19994765000235998 -0.6989384441768053 0.054631370161820514 2.3136859514173804 0.1558912993330516 0.3073405922384475
4169.295999999999 1.601245641708374 -0.04425412813295537 0.004878997802734375 -2.343729321156637 -1.326735798512594 5.992112710373476e-05 -0.08737938106060028 5.752428114647046e-05 9.58738019107841e-05 9.58738019107841e-05 -0.04851214587688446 0.0 0.19934919878545077 -0.6991076421744803 0.05463654103064863 2.313688543255592 0.15490437362412832 0.306529559322275
4169.304 1.6005510091781616 -0.04425412813295537 0.004878997802734375 -2.3437655607806605 -1.3271544615374964 4.793690095539205e-05 -0.08546190708875656 5.752428114647046e-05 9.58738019107841e-05 9.58738019107841e-05 -0.048655953258275986 0.0 0.19875505228134974 -0.699273258411423 0.054626172253640956 2.3137093726221973 0.1539065776074353 0.3056825684177701
4169.312 1.5998438596725464 -0.04426604906191045 0.004878997802734375 -2.343741242085592 -1.327550236378805 5.992112710373476e-05 -0.08241312205791473 5.752428114647046e-05 9.58738019107841e-05 9.58738019107841e-05 -0.049566756933927536 0.0 0.19815786354240372 -0.6994336146024467 0.05461026187472259 2.3137790547127675 0.1528733608052012 0.304873355148418
4169.32 1.5991731882095337 -0.044242207204000294 0.004902839660644531 -2.343729321156637 -1.327921215687887 8.388957940042019e-05 -0.08191457390785217 5.752428114647046e-05 9.58738019107841e-05 9.58738019107841e-05 -0.052275191992521286 0.0 0.19759237438741645 -0.6995802682448646 0.05456239473573439 2.3138936517857704 0.15187604588385237 0.3041225313770563
4169.3279999999995 1.5984899997711182 -0.04426604906191045 0.004855155944824219 -2.3437774817096155 -1.3283522764789026 7.190534961409867e-05 -0.08847234398126602 5.752428114647046e-05 9.58738019107841e-05 9.58738019107841e-05 -0.05445631965994835 0.0 0.1970027416282061 -0.6997516859625743 0.05459330707953601 2.313831974608375 0.15089389749136384 0.3032577161675076
4169.336 1.5978312492370605 -0.04428989091982061 0.004890918731689453 -2.3437655607806605 -1.3287947813617151 4.793690095539205e-05 -0.09447404742240906 5.752428114647046e-05 9.58738019107841e-05 9.58738019107841e-05 -0.056901101022958755 0.0 0.19642690652584252 -0.6999022420974053 0.05457031903671532 2.313912111705544 0.14993388972365945 0.30240182262413806
4169.344 1.5971242189407349 -0.04427844682802373 0.004902839660644531 -2.3437894026385706 -1.3292620817767542 5.992112710373476e-05 -0.08879831433296204 5.752428114647046e-05 9.58738019107841e-05 9.58738019107841e-05 -0.052035506814718246 0.0 0.19581068563604775 -0.7000664673244984 0.05454123499212249 2.3139762378255893 0.14886620244023177 0.30150809799283385
4169.352 1.5964175462722778 -0.04426604906191045 0.004902839660644531 -2.3438013235675257 -1.3296812216388147 7.190534961409867e-05 -0.08490584045648575 5.752428114647046e-05 9.58738019107841e-05 9.58738019107841e-05 -0.049614693969488144 0.0 0.1952070622112945 -0.7002272882332359 0.05451626082898313 2.3140352348815467 0.14782285618191326 0.30067058373327366
4169.36 1.595686912536621 -0.04426604906191045 0.0048313140869140625 -2.3438013235675257 -1.3300398031817835 4.793690095539205e-05 -0.08755195885896683 5.752428114647046e-05 9.58738019107841e-05 -2.3968450477696024e-05 -0.0469302274286747 0.0 0.19460231616266196 -0.7003966155239179 0.05453286479248802 2.3140104553904868 0.14683074608156793 0.2998651465303852
4169.3679999999995 1.5949678421020508 -0.04426604906191045 0.004843235015869141 -2.3438013235675257 -1.3303988615619105 7.190534961409867e-05 -0.09015972167253494 5.752428114647046e-05 9.58738019107841e-05 -2.3968450477696024e-05 -0.04405401274561882 0.0 0.19400533860912145 -0.7005540933903528 0.05451097024900464 2.314074822203123 0.14578806528721722 0.29909849496423313
4169.376 1.5943330526351929 -0.04425412813295537 0.004867076873779297 -2.343825165425436 -1.330686394368307 3.5952674807049334e-05 -0.09029394388198853 5.752428114647046e-05 9.58738019107841e-05 -2.3968450477696024e-05 -0.03966778516769409 0.0 0.1934858612148858 -0.7006913231762448 0.054484375420260356 2.314121499789357 0.14494784477863282 0.2984271648259176
4169.384 1.5936259031295776 -0.04425412813295537 0.004843235015869141 -2.3437894026385706 -1.3310096899615687 8.388957940042019e-05 -0.08814637362957001 5.752428114647046e-05 9.58738019107841e-05 -2.3968450477696024e-05 -0.03410710394382477 0.0 0.19290626004956954 -0.7008433373803599 0.05447176785576119 2.3141841945445516 0.1439092893485787 0.29772016667327167
4169.392 1.5929068326950073 -0.04426604906191045 0.004867076873779297 -2.343837086354391 -1.3312729040728968 5.992112710373476e-05 -0.08649734407663345 5.752428114647046e-05 9.58738019107841e-05 -2.3968450477696024e-05 -0.02816293016076088 0.0 0.1923338947042667 -0.7009998101024947 0.05446904115500817 2.3141824756784373 0.14297445449910653 0.29703528825512143
4169.4 1.5921998023986816 -0.04425412813295537 0.004855155944824219 -2.343825165425436 -1.3314645926104944 8.388957940042019e-05 -0.08308423310518265 5.752428114647046e-05 7.190534961409867e-05 -2.3968450477696024e-05 -0.024903221055865288 0.0 0.19178833822818053 -0.7011443323239718 0.05445446333085084 2.3142258087520187 0.1420291537537543 0.29646901635335365
4169.407999999999 1.591541051864624 -0.04428989091982061 0.004843235015869141 -2.343837086354391 -1.3316682020770472 4.793690095539205e-05 -0.08561530709266663 5.752428114647046e-05 7.190534961409867e-05 -2.3968450477696024e-05 -0.024519724771380424 0.0 0.19127356070498042 -0.701287267730583 0.05447889249919323 2.3141908245309644 0.14121060347604428 0.29587511465111155
4169.416 1.5908703804016113 -0.04425412813295537 0.004890918731689453 -2.343837086354391 -1.3318355719195765 5.992112710373476e-05 -0.0919238030910492 3.834952076431364e-05 7.190534961409867e-05 -2.3968450477696024e-05 -0.02310558594763279 0.0 0.19075955591029586 -0.7014153456044022 0.05442407812955537 2.314299979918951 0.14032593270470967 0.29535736862167306
4169.424 1.5901752710342407 -0.04428989091982061 0.004867076873779297 -2.343825165425436 -1.332015339528219 8.388957940042019e-05 -0.09382209926843643 3.834952076431364e-05 7.190534961409867e-05 -2.3968450477696024e-05 -0.019893813878297806 0.0 0.1902252518135757 -0.7015617015862003 0.054449179922313726 2.3142818373580543 0.13940682694297096 0.2948043631256857
4169.432 1.5894445180892944 -0.04425412813295537 0.004902839660644531 -2.343825165425436 -1.3321111837970179 7.190534961409867e-05 -0.08822306990623474 3.834952076431364e-05 7.190534961409867e-05 -2.3968450477696024e-05 -0.01330249011516571 0.0 0.1896875140361779 -0.7016980399081807 0.0544031171975497 2.3143674737937765 0.13851691116529188 0.29432589010508137
4169.44 1.588773488998413 -0.04425412813295537 0.004855155944824219 -2.343849484120504 -1.3321946302997034 4.793690095539205e-05 -0.08482913672924042 3.834952076431364e-05 7.190534961409867e-05 -2.3968450477696024e-05 -0.009946906939148903 0.0 0.18919490814016032 -0.7018374953066444 0.05442738340388127 2.3143068982467576 0.13773137178032094 0.29386975360440637
4169.447999999999 1.588066816329956 -0.04428989091982061 0.004890918731689453 -2.343837086354391 -1.332254711781637 8.388957940042019e-05 -0.08791627734899521 3.834952076431364e-05 7.190534961409867e-05 -2.3968450477696024e-05 -0.006974819116294384 0.0 0.18868331964051813 -0.7019721950795712 0.05443029199930084 2.314335271285134 0.13683850243016207 0.29346268639170814
4169.456 1.5873481035232544 -0.04425412813295537 0.004843235015869141 -2.343825165425436 -1.3322904745685022 5.992112710373476e-05 -0.09004467725753784 3.834952076431364e-05 7.190534961409867e-05 -2.3968450477696024e-05 -0.006974819116294384 0.0 0.18816936336574788 -0.7021097440725865 0.054422501080416005 2.314340464350715 0.13601386083116326 0.2930458510994175
4169.464 1.5866410732269287 -0.04425412813295537 0.004855155944824219 -2.343837086354391 -1.332362476979391 8.388957940042019e-05 -0.08835729211568832 3.834952076431364e-05 7.190534961409867e-05 -2.3968450477696024e-05 -0.006519418675452471 0.0 0.18765416234380267 -0.7022463453128429 0.054416701305743 2.314355848169685 0.13512952978903883 0.2926171609421041
4169.472 1.5859582424163818 -0.04427844682802373 0.0048313140869140625 -2.3438614050494593 -1.332386318837301 8.388957940042019e-05 -0.08486749231815338 3.834952076431364e-05 7.190534961409867e-05 -2.3968450477696024e-05 -0.005920207127928734 0.0 0.18716843640703845 -0.7023833550122484 0.0544498139258654 2.3142901314702677 0.1343327021135752 0.29223623899252404
4169.48 1.5852872133255005 -0.04426604906191045 0.004878997802734375 -2.343837086354391 -1.3324344793902796 8.388957940042019e-05 -0.07894248515367508 3.834952076431364e-05 7.190534961409867e-05 -2.3968450477696024e-05 -0.005177185405045748 0.0 0.18668452372650846 -0.7025019241552212 0.054410843964474556 2.3143827632931764 0.1335208623169339 0.2918509417382561
4169.487999999999 1.5846284627914429 -0.044242207204000294 0.0048313140869140625 -2.3438132444964808 -1.3324821631061 7.190534961409867e-05 -0.07305583357810974 3.834952076431364e-05 7.190534961409867e-05 -2.3968450477696024e-05 -0.004506068769842386 0.0 0.18620922552980518 -0.702627196186203 0.05440795768883404 2.31438973734555 0.13274620691652717 0.29145660324773937
4169.496 1.5839812755584717 -0.04426604906191045 0.0048313140869140625 -2.343825165425436 -1.3325899283038538 8.388957940042019e-05 -0.07443641871213913 3.834952076431364e-05 7.190534961409867e-05 -2.3968450477696024e-05 -0.006423544604331255 0.0 0.18572641748445376 -0.7027566472206164 0.054422854392342304 2.314371069613613 0.13193129885514795 0.291006471657593
4169.504 1.583382487297058 -0.04428989091982061 0.004867076873779297 -2.343837086354391 -1.3326619307147425 5.992112710373476e-05 -0.08170365542173386 3.834952076431364e-05 7.190534961409867e-05 -2.3968450477696024e-05 -0.013350427150726318 0.0 0.1852868774269943 -0.7028711255503535 0.054422865658746725 2.3143787364351462 0.13122809564958607 0.2906082654254971
4169.512 1.5827832221984863 -0.04426604906191045 0.0048313140869140625 -2.343825165425436 -1.3327935377704065 3.5952674807049334e-05 -0.08699588477611542 3.834952076431364e-05 7.190534961409867e-05 -2.3968450477696024e-05 -0.01589108258485794 0.0 0.1848312845337448 -0.7029887017236971 0.05441364834115894 2.314393246771042 0.13049446040198606 0.2901404666097984
4169.5199999999995 1.5820884704589844 -0.04425412813295537 0.004855155944824219 -2.343849484120504 -1.3329013029681605 8.388957940042019e-05 -0.08362112939357758 3.834952076431364e-05 7.190534961409867e-05 -2.3968450477696024e-05 -0.014381070621311665 0.0 0.18431474514821572 -0.703121342346212 0.05439541311607979 2.3144255587423035 0.1295776594941777 0.2896897897889872
4169.528 1.581417441368103 -0.044230286275045216 0.0048313140869140625 -2.343849484120504 -1.332984749470846 3.5952674807049334e-05 -0.07898084074258804 3.834952076431364e-05 7.190534961409867e-05 -2.3968450477696024e-05 -0.009635317139327526 0.0 0.18382108506822298 -0.7032492256482319 0.05438583676269945 2.314431241159243 0.12881239092922553 0.2892295022219291
4169.536 1.5807826519012451 -0.04427844682802373 0.004867076873779297 -2.343849484120504 -1.3330562750445765 8.388957940042019e-05 -0.08001627773046494 3.834952076431364e-05 7.190534961409867e-05 -2.3968450477696024e-05 -0.007190535310655832 0.0 0.18335607729165435 -0.7033700546127396 0.054400059240177046 2.3144349926386183 0.1279862087959737 0.28884858720107986
4169.544 1.5800755023956299 -0.04425412813295537 0.004855155944824219 -2.343825165425436 -1.3330805937396448 8.388957940042019e-05 -0.08534685522317886 3.834952076431364e-05 7.190534961409867e-05 -2.3968450477696024e-05 -0.006495450157672167 0.0 0.18285227263933138 -0.7034967811977435 0.05438127283463613 2.3144758937089693 0.12714933712658502 0.2884671826849661
4169.552 1.5794048309326172 -0.04425412813295537 0.004867076873779297 -2.343825165425436 -1.3331525961505335 5.992112710373476e-05 -0.08603715151548386 3.834952076431364e-05 7.190534961409867e-05 -2.3968450477696024e-05 -0.006998787634074688 0.0 0.18236165101882634 -0.7036214396472429 0.054372520802599175 2.314494469754801 0.1263613950722783 0.28803392146685997
4169.5599999999995 1.5786861181259155 -0.04425412813295537 0.0048313140869140625 -2.343825165425436 -1.3332484404193323 4.793690095539205e-05 -0.08622889965772629 3.834952076431364e-05 7.190534961409867e-05 -2.3968450477696024e-05 -0.01059405505657196 0.0 0.18183086381082386 -0.7037608459358033 0.054384701618343925 2.314469890441452 0.12549716662843868 0.28754913671719157
4169.568 1.5780149698257446 -0.04427844682802373 0.004867076873779297 -2.3438614050494593 -1.3333800474749964 3.5952674807049334e-05 -0.08599880337715149 3.834952076431364e-05 7.190534961409867e-05 -2.3968450477696024e-05 -0.011744541116058826 0.0 0.1813242042930096 -0.7038917816019352 0.0543884133209762 2.3144600746655084 0.12466914078881183 0.28704822559979154
4169.576 1.5772364139556885 -0.04426604906191045 0.004855155944824219 -2.3438013235675257 -1.333452049885885 5.992112710373476e-05 -0.08795462548732758 3.834952076431364e-05 7.190534961409867e-05 -2.3968450477696024e-05 -0.013614079914987087 0.0 0.1807573638649395 -0.7040291845607353 0.05436699580867367 2.314532289684777 0.12369552758506483 0.28659034207500844
4169.584 1.5765177011489868 -0.044314209614888966 0.004867076873779297 -2.343837086354391 -1.3335712591754358 7.190534961409867e-05 -0.09004467725753784 3.834952076431364e-05 7.190534961409867e-05 -2.3968450477696024e-05 -0.01637045107781887 0.0 0.18022024064779815 -0.7041722007927478 0.054398968010904464 2.314476689224629 0.1227961552597962 0.2860863392854062
4169.592 1.5757627487182617 -0.04428989091982061 0.0048313140869140625 -2.343837086354391 -1.3337510267840784 8.388957940042019e-05 -0.09587380290031433 3.834952076431364e-05 7.190534961409867e-05 -2.3968450477696024e-05 -0.02058889903128147 0.0 0.17964158375156747 -0.7043180991602005 0.05439023040272521 2.3144879789665325 0.12181765883524186 0.28550065696408494
4169.599999999999 1.5749961137771606 -0.04428989091982061 0.004843235015869141 -2.343849484120504 -1.3339183966266077 4.793690095539205e-05 -0.10085923969745636 3.834952076431364e-05 7.190534961409867e-05 -2.3968450477696024e-05 -0.024807346984744072 0.0 0.1790578897345107 -0.7044636569536821 0.05438027658200063 2.3145025873067984 0.12088600422603395 0.28490059059585465
4169.608 1.5742294788360596 -0.04421836534609014 0.004843235015869141 -2.343849484120504 -1.3341463247882288 7.190534961409867e-05 -0.10225899517536163 3.834952076431364e-05 7.190534961409867e-05 -2.3968450477696024e-05 -0.027276096865534782 0.0 0.1784582143758651 -0.704604423439094 0.05431959009211179 2.3146026352746367 0.11984671514338169 0.2842689031421221
4169.616 1.5734025239944458 -0.04428989091982061 0.004890918731689453 -2.343849484120504 -1.3343971411334437 5.992112710373476e-05 -0.100130595266819 3.834952076431364e-05 7.190534961409867e-05 -2.3968450477696024e-05 -0.024879252538084984 0.0 0.1778100958832416 -0.7047652242845339 0.05433674675555909 2.3146060456973916 0.11877872949989027 0.2835510402491658
4169.624 1.5725760459899902 -0.04427844682802373 0.004843235015869141 -2.3438614050494593 -1.3345888296710413 8.388957940042019e-05 -0.10118521004915237 3.834952076431364e-05 4.793690095539205e-05 -2.3968450477696024e-05 -0.024687504395842552 0.0 0.17717738718404846 -0.7049263204583764 0.054345045754438506 2.314582430863946 0.11770160679862167 0.28291701441340883
4169.632 1.5717135667800903 -0.04427844682802373 0.004878997802734375 -2.3438738028155726 -1.3348048369037073 8.388957940042019e-05 -0.10688011348247528 3.834952076431364e-05 4.793690095539205e-05 -2.3968450477696024e-05 -0.027635624632239342 0.0 0.17651295274152193 -0.705086382306168 0.054321930598668286 2.3146292808711024 0.11659035944021673 0.28223304716561703
4169.639999999999 1.5708630084991455 -0.04427844682802373 0.004843235015869141 -2.3438738028155726 -1.3350561300860804 8.388957940042019e-05 -0.10979467630386353 3.834952076431364e-05 4.793690095539205e-05 -2.3968450477696024e-05 -0.0313027985394001 0.0 0.17584743650307963 -0.7052516814979847 0.05432717872804671 2.3146212561818866 0.11548197491917836 0.28150703116686393
4169.648 1.570000171661377 -0.044314209614888966 0.004867076873779297 -2.3438614050494593 -1.3353074232684534 8.388957940042019e-05 -0.1123257428407669 3.834952076431364e-05 4.793690095539205e-05 -2.3968450477696024e-05 -0.033124398440122604 0.0 0.17517325135737274 -0.70541401721732 0.054327061072994814 2.3146487525481145 0.11435552505746269 0.2807792700683896
4169.656 1.5691016912460327 -0.04428989091982061 0.0048313140869140625 -2.3438976446734827 -1.3355591932879847 7.190534961409867e-05 -0.11060001701116562 3.834952076431364e-05 4.793690095539205e-05 -2.3968450477696024e-05 -0.03202185034751892 0.0 0.17447341892144655 -0.7055883260756104 0.0543241721770855 2.3146266816835417 0.1132063049783382 0.28002083666062266
4169.664 1.5681673288345337 -0.04430228868593389 0.004855155944824219 -2.3438976446734827 -1.3357980887042444 7.190534961409867e-05 -0.11175050586462021 3.834952076431364e-05 4.793690095539205e-05 -2.3968450477696024e-05 -0.027276096865534782 0.0 0.17375165528708147 -0.7057603905429759 0.05431123614612714 2.314662597931698 0.11200171519802929 0.2792725141351352
4169.672 1.567244529724121 -0.04428989091982061 0.004878997802734375 -2.3438857237445276 -1.3360493818866175 7.190534961409867e-05 -0.11896020919084549 3.834952076431364e-05 4.793690095539205e-05 -0.0001917476038215682 -0.02629339136183262 0.0 0.17303466374334783 -0.7059264353319745 0.05427730610822973 2.314735940081266 0.11080012227573846 0.27852004204218134
4169.679999999999 1.566310167312622 -0.04428989091982061 0.004795074462890625 -2.3438976446734827 -1.3362167517291468 7.190534961409867e-05 -0.12766554951667786 3.834952076431364e-05 4.793690095539205e-05 -0.0001917476038215682 -0.021931132301688194 0.0 0.17233098418107903 -0.7061058096444063 0.05431155273536503 2.314656401531102 0.10964333610195531 0.2778415729082555
4169.688 1.5653038024902344 -0.04428989091982061 0.004843235015869141 -2.3438976446734827 -1.3363607565509241 3.5952674807049334e-05 -0.12858594954013824 3.834952076431364e-05 4.793690095539205e-05 -0.0001917476038215682 -0.01876729726791382 0.0 0.17158274203231616 -0.7062799718636624 0.054282900044164056 2.314712027526196 0.10843993392567244 0.2771531643420713
4169.696 1.5643335580825806 -0.04428989091982061 0.004819393157958984 -2.343933407460348 -1.3364928404437464 8.388957940042019e-05 -0.1287585198879242 3.834952076431364e-05 4.793690095539205e-05 -0.0001917476038215682 -0.014596786350011826 0.0 0.1708626854106223 -0.7064587307325203 0.0542969182516832 2.314668692995428 0.1071997293779139 0.2765260613370059
4169.704 1.5632672309875488 -0.04430228868593389 0.004867076873779297 -2.343921486531393 -1.3365886847125452 4.793690095539205e-05 -0.12868180871009827 3.834952076431364e-05 4.793690095539205e-05 -0.0020852552261203527 -0.012008193880319595 0.0 0.17008434115974452 -0.7066392922604372 0.054276414966725195 2.3147165564327037 0.10595105277723203 0.2758631073644366
4169.7119999999995 1.5621891021728516 -0.04426604906191045 0.004843235015869141 -2.343945328389303 -1.3366840521441858 7.190534961409867e-05 -0.13174977898597717 3.834952076431364e-05 4.793690095539205e-05 -0.0020852552261203527 -0.01071389764547348 0.0 0.16929731646007773 -0.7068282554016322 0.054263549143175854 2.3147123486022414 0.10462614463719776 0.2752176480279947
4169.72 1.5611587762832642 -0.04426604906191045 0.0048313140869140625 -2.3439696470843714 -1.3367679754840296 7.190534961409867e-05 -0.1327468603849411 1.917476038215682e-05 4.793690095539205e-05 -0.0020852552261203527 -0.011624698527157307 0.0 0.1685468867167162 -0.7070100877769212 0.05427136773081606 2.3146793589332844 0.10339317086890601 0.27459452039882987
4169.728 1.5601046085357666 -0.04427844682802373 0.004867076873779297 -2.3439934889422815 -1.3368638197528284 5.992112710373476e-05 -0.13533546030521393 1.917476038215682e-05 4.793690095539205e-05 -0.0020852552261203527 -0.013685985468327999 0.0 0.16777641992717518 -0.7071915777248176 0.05426526673229019 2.314681172796595 0.10213639747014215 0.27394387732433734
4169.736 1.55900239944458 -0.04427844682802373 0.0048313140869140625 -2.3439815680133265 -1.3369954268084925 2.3968450477696024e-05 -0.14120294153690338 1.917476038215682e-05 4.793690095539205e-05 -0.0018935076659545302 -0.0162506103515625 0.0 0.16696228821317904 -0.7073841447734122 0.05427296515704745 2.314660484088608 0.10083652045509656 0.27321231886814995
4169.744 1.557948112487793 -0.04428989091982061 0.004819393157958984 -2.3440054098712366 -1.3371503988849085 8.388957940042019e-05 -0.1408386081457138 1.917476038215682e-05 4.793690095539205e-05 -0.0015339808305725455 -0.01919872872531414 0.0 0.16617568135372882 -0.707571525898564 0.05428558712383533 2.31462955511466 0.09947257463572183 0.2725234783747043
4169.7519999999995 1.556846022605896 -0.04427844682802373 0.004819393157958984 -2.3439815680133265 -1.337330166493551 5.992112710373476e-05 -0.13972647488117218 1.917476038215682e-05 4.793690095539205e-05 -0.001294296351261437 -0.022674154490232468 0.0 0.16534874982992245 -0.7077578050645427 0.05426360585608489 2.31467312668711 0.09812807656808534 0.2717494918484579
4169.76 1.5557557344436646 -0.04427844682802373 0.004867076873779297 -2.3439815680133265 -1.3374860922442835 4.793690095539205e-05 -0.1414138525724411 1.917476038215682e-05 4.793690095539205e-05 -0.0011025487910956144 -0.028306741267442703 0.0 0.16453629185580504 -0.7079389084952804 0.0542346710402853 2.314727053071285 0.09679386388231825 0.27101680864322014
4169.768 1.5546176433563232 -0.044326130543844044 0.004819393157958984 -2.3439815680133265 -1.33777362505068 5.992112710373476e-05 -0.13882526755332947 1.917476038215682e-05 4.793690095539205e-05 -0.0009827064350247383 -0.030847396701574326 0.0 0.16365486089298786 -0.7081473800787568 0.05427757883916652 2.3146559704354086 0.0953279145193989 0.27010143519093505
4169.776 1.553479552268982 -0.04427844682802373 0.0048313140869140625 -2.3439934889422815 -1.338036839162008 7.190534961409867e-05 -0.13667769730091095 1.917476038215682e-05 4.793690095539205e-05 -0.0008628642535768449 -0.03302852436900139 0.0 0.16277986158292956 -0.7083393374693459 0.0542297538418163 2.3147230198505087 0.09385672142097856 0.26923207380671427
4169.784 1.5524252653121948 -0.04427844682802373 0.004783153533935547 -2.3439934889422815 -1.3383243719684046 8.388957940042019e-05 -0.13416579365730286 1.917476038215682e-05 4.793690095539205e-05 -0.0007909588748589158 -0.03449060022830963 0.0 0.16195736546376252 -0.7085274321702948 0.05423927930868919 2.3146982482173795 0.09248224303731427 0.26836486923779945
4169.7919999999995 1.551335096359253 -0.04426604906191045 0.0048313140869140625 -2.3440173308001917 -1.3385756651507776 4.793690095539205e-05 -0.1392279416322708 1.917476038215682e-05 4.793690095539205e-05 -0.0007909588748589158 -0.037774279713630676 0.0 0.16111904942558591 -0.7087099759365948 0.054203125170551314 2.3147474096740233 0.09112941357087194 0.26750803711596044
4169.8 1.5502325296401978 -0.04428989091982061 0.004819393157958984 -2.3440173308001917 -1.338874642048971 5.992112710373476e-05 -0.14089614152908325 1.917476038215682e-05 4.793690095539205e-05 -0.0007909588748589158 -0.03803792968392372 0.0 0.16025900110455976 -0.7089026919186145 0.054212256724017596 2.314734496164314 0.08969194075245625 0.26660471877475067
4169.808 1.5491547584533691 -0.04428989091982061 0.004867076873779297 -2.34404164949526 -1.3391979376422327 8.388957940042019e-05 -0.13813497126102448 1.917476038215682e-05 4.793690095539205e-05 -0.0007909588748589158 -0.03636014088988304 0.0 0.15941011916848527 -0.7090853880349304 0.054182039483869265 2.314783720948082 0.08824994765568636 0.26569931153447834
4169.816 1.548028588294983 -0.04428989091982061 0.004819393157958984 -2.34406549135317 -1.339473072682516 8.388957940042019e-05 -0.13533546030521393 1.917476038215682e-05 4.793690095539205e-05 -0.0007909588748589158 -0.035832833498716354 0.0 0.15853891802161754 -0.7092832183716788 0.05419788554974837 2.3147299448641148 0.08681508951858932 0.2648008811185242
4169.824 1.5469263792037964 -0.044314209614888966 0.0048313140869140625 -2.3440173308001917 -1.3397610823260706 4.793690095539205e-05 -0.13510535657405853 1.917476038215682e-05 4.793690095539205e-05 -0.0007909588748589158 -0.036192361265420914 0.0 0.1576816243014469 -0.7094640550555342 0.05418489011665979 2.314779893591848 0.08543051039513228 0.2638953396849957
4169.831999999999 1.545788288116455 -0.04430228868593389 0.0048313140869140625 -2.344053570424215 -1.340071980153219 7.190534961409867e-05 -0.13759808242321014 1.917476038215682e-05 4.793690095539205e-05 -0.0007909588748589158 -0.037342846393585205 0.0 0.1567922871862736 -0.7096580748635825 0.05417184869345307 2.314777825687271 0.08393053175298641 0.26296752910636334
4169.84 1.544722080230713 -0.04430228868593389 0.004819393157958984 -2.344053570424215 -1.3403590361224573 9.58738019107841e-05 -0.1418740451335907 1.917476038215682e-05 4.793690095539205e-05 -0.0007909588748589158 -0.038661111146211624 0.0 0.1559600802501624 -0.7098370472164213 0.054164767175106876 2.3147856691728306 0.08252451649132067 0.2621053837492201
4169.848 1.5436198711395264 -0.04430228868593389 0.004806995391845703 -2.3440778891192835 -1.3406584898578089 8.388957940042019e-05 -0.14452016353607178 1.917476038215682e-05 4.793690095539205e-05 -0.0007909588748589158 -0.03772634267807007 0.0 0.15509872795379084 -0.7100240101167757 0.054163430983953625 2.3147657777168673 0.08111509561440594 0.2611891717869517
4169.856 1.5424457788467407 -0.044314209614888966 0.004783153533935547 -2.344053570424215 -1.3409460226642054 5.992112710373476e-05 -0.13842259347438812 1.917476038215682e-05 -0.0 -0.0007909588748589158 -0.03501790761947632 0.0 0.15418937892094647 -0.7102172344016597 0.0541642236287035 2.314766678829411 0.07963930467670388 0.2602476134991683
4169.864 1.5413440465927124 -0.044314209614888966 0.004819393157958984 -2.344053570424215 -1.3411973158465784 3.5952674807049334e-05 -0.1349136084318161 1.917476038215682e-05 -0.0 -0.0007909588748589158 -0.02996056340634823 0.0 0.15334093832265683 -0.7103919965195367 0.054136503061091926 2.314811139651862 0.07825956058190058 0.2593909161372252
4169.871999999999 1.5402534008026123 -0.04430228868593389 0.004795074462890625 -2.3440778891192835 -1.3414610067950647 5.992112710373476e-05 -0.13485608994960785 1.917476038215682e-05 -0.0 -0.0007190534961409867 -0.0264851376414299 0.0 0.15249649965767376 -0.7105728253916387 0.054133870076448876 2.3147889864888973 0.07683996974219444 0.2585401046186693
4169.88 1.5391156673431396 -0.044314209614888966 0.004819393157958984 -2.34406549135317 -1.3416040579425257 7.190534961409867e-05 -0.13416579365730286 1.917476038215682e-05 -0.0 -0.0006711166352033615 -0.02334527112543583 0.0 0.15165049866864538 -0.7107480949458864 0.05412172148446208 2.314811486238108 0.07543266775741289 0.2578073969775264
4169.888 1.5380494594573975 -0.0443499724017542 0.004795074462890625 -2.34406549135317 -1.3417595068561 5.992112710373476e-05 -0.13165390491485596 1.917476038215682e-05 -0.0 -0.0005992112564854324 -0.020301278680562973 0.0 0.15085147657081593 -0.7109211226700665 0.05415141215661298 2.314749931794531 0.07414044996289572 0.2570732266270004
4169.896 1.5370068550109863 -0.04430228868593389 0.004806995391845703 -2.3440778891192835 -1.3419154326068323 5.992112710373476e-05 -0.12375390529632568 1.917476038215682e-05 -0.0 -0.0005752427969127893 -0.01883920282125473 0.0 0.15006930295127266 -0.7110790697995283 0.054108557379743766 2.3147954357617855 0.07284771699969446 0.25637046225036003
4169.9039999999995 1.5359889268875122 -0.04430228868593389 0.0048313140869140625 -2.3441017309771937 -1.3420351187335413 5.992112710373476e-05 -0.12791483104228973 1.917476038215682e-05 -0.0 -0.0005273059359751642 -0.018216023221611977 0.0 0.14931390850829496 -0.7112358483237291 0.054098047912242125 2.3147906212255474 0.07160778604563733 0.2557161463784673
4169.912 1.5349587202072144 -0.04425412813295537 0.004819393157958984 -2.3440898100482386 -1.3421667257892054 4.793690095539205e-05 -0.1321907937526703 1.917476038215682e-05 -0.0 -0.0005033374764025211 -0.017425063997507095 0.0 0.14854662502195687 -0.7113890909266114 0.054060881764817756 2.3148324525938335 0.0703554009901396 0.25504192855631064
4169.92 1.5339523553848267 -0.04433805147279912 0.004783153533935547 -2.344053570424215 -1.3423226515399378 5.992112710373476e-05 -0.12766554951667786 1.917476038215682e-05 -0.0 -0.00045540055725723505 -0.016178704798221588 0.0 0.14778930654585976 -0.7115515308479078 0.05412103337212934 2.3147486542448967 0.0691081815716387 0.2543464526943616
4169.928 1.5329461097717285 -0.044314209614888966 0.004819393157958984 -2.3440778891192835 -1.3424065748797815 8.388957940042019e-05 -0.12446337193250656 1.917476038215682e-05 -0.0 -0.00043143212678842247 -0.01282312162220478 0.0 0.14705129760263547 -0.7116993552038096 0.05408987626672716 2.314775528338396 0.0678675112932409 0.25375625452036316
4169.936 1.5319757461547852 -0.04428989091982061 0.0048313140869140625 -2.3440778891192835 -1.3424904982196253 7.190534961409867e-05 -0.12158715724945068 1.917476038215682e-05 -0.0 -0.0004074636672157794 -0.011696604080498219 0.0 0.14633868242131817 -0.7118409011087365 0.054063564349521726 2.3147999553698613 0.06670999241777255 0.2531660923135171
4169.9439999999995 1.5310293436050415 -0.04428989091982061 0.004819393157958984 -2.3440898100482386 -1.342585865651266 3.5952674807049334e-05 -0.11846166849136353 1.917476038215682e-05 -0.0 -0.0003834952076431364 -0.011121361516416073 0.0 0.1456396643213111 -0.711985023474168 0.054067897650404206 2.3147643328838967 0.06560997796511085 0.25255461149521213
4169.952 1.5301069021224976 -0.044326130543844044 0.004771232604980469 -2.344053570424215 -1.3426335493670862 4.793690095539205e-05 -0.11351457983255386 1.917476038215682e-05 -0.0 -0.0003834952076431364 -0.008317052386701107 0.0 0.14497006617312022 -0.712125197921369 0.05410462423926257 2.3147036226886657 0.06450969600308198 0.2520316005114303
4169.96 1.5292320251464844 -0.04428989091982061 0.004783153533935547 -2.3440898100482386 -1.3426817099200647 8.388957940042019e-05 -0.1100439503788948 1.917476038215682e-05 -0.0 -0.00035952674807049334 -0.008556736633181572 0.0 0.14433428312803698 -0.7122527987279089 0.054080479463213066 2.3147049364938788 0.06342836212102149 0.25155218300580734
4169.968 1.52830970287323 -0.04428989091982061 0.004795074462890625 -2.34406549135317 -1.3427656332599085 4.793690095539205e-05 -0.11405147612094879 1.917476038215682e-05 -0.0 -0.00033555831760168076 -0.013518205843865871 0.0 0.14365542371386358 -0.7123842285420847 0.05406527492943887 2.3147267195929877 0.06235448431460034 0.2509742649126979
4169.976 1.5274591445922852 -0.044314209614888966 0.0048313140869140625 -2.3440778891192835 -1.3428853193866175 8.388957940042019e-05 -0.11140535771846771 1.917476038215682e-05 -0.0 -0.00033555831760168076 -0.014333133585751057 0.0 0.14301797648964173 -0.7125099816162942 0.05406358533901531 2.3147235656380922 0.06126749058380113 0.25042276349096204
4169.9839999999995 1.526620626449585 -0.044314209614888966 0.0048313140869140625 -2.3440778891192835 -1.3430402914630335 4.793690095539205e-05 -0.1038888543844223 1.917476038215682e-05 -0.0 -0.0003115898580290377 -0.013014868833124638 0.0 0.14237963549943355 -0.712634718973037 0.05405686642125718 2.314718727780492 0.060259768699708886 0.24980000791366064
4169.992 1.5257941484451294 -0.04430228868593389 0.004806995391845703 -2.344053570424215 -1.3431485334979456 5.992112710373476e-05 -0.10177962481975555 1.917476038215682e-05 -0.0 -0.00028762139845639467 -0.013278521597385406 0.0 0.1417621305942398 -0.712754280345863 0.054048945328607434 2.3147243794044097 0.059232482293688576 0.2492633941587882
4170.0 1.5250271558761597 -0.04430228868593389 0.004795074462890625 -2.3440778891192835 -1.3432443777667444 4.793690095539205e-05 -0.09702428430318832 1.917476038215682e-05 -0.0 -0.00028762139845639467 -0.011816446669399738 0.0 0.1411898967061779 -0.712870062917459 0.05405635713966249 2.3146802216125755 0.05831424750628595 0.24875254152031614
4170.008 1.524248480796814 -0.044326130543844044 0.0048313140869140625 -2.3440898100482386 -1.3432920614825647 9.58738019107841e-05 -0.08806967735290527 1.917476038215682e-05 -0.0 -0.00028762139845639467 -0.01131310872733593 0.0 0.1406222600070673 -0.7129810932356663 0.054057339703599216 2.3146712469436084 0.057332733952625774 0.24832706270589963
4170.016 1.5235657691955566 -0.044326130543844044 0.0048313140869140625 -2.34404164949526 -1.3433874289142054 5.992112710373476e-05 -0.07944103330373764 1.917476038215682e-05 -0.0 -0.0002636529679875821 -0.011121361516416073 0.0 0.14011066706983455 -0.7130742782692528 0.05404121917690226 2.3147098731274696 0.05652932302933043 0.24785896490882936
4170.023999999999 1.5229190587997437 -0.044314209614888966 0.004783153533935547 -2.3440778891192835 -1.3434956709491175 4.793690095539205e-05 -0.07319006323814392 1.917476038215682e-05 -0.0 -0.0002636529679875821 -0.012799153104424477 0.0 0.13962039049737063 -0.713176536967619 0.05405940030642804 2.314633548399 0.05574898861077307 0.24738958679624218
4170.032 1.5223201513290405 -0.044326130543844044 0.004771232604980469 -2.34406549135317 -1.343663517628805 4.793690095539205e-05 -0.06764855235815048 1.917476038215682e-05 -0.0 -0.00023968450841493905 -0.018887139856815338 0.0 0.13914892955274244 -0.7132663088110419 0.05406297449824306 2.314626065577839 0.054972584804428355 0.24688996470577382
4170.04 1.5217808485031128 -0.044326130543844044 0.004783153533935547 -2.3440778891192835 -1.343783203755514 9.58738019107841e-05 -0.06410122662782669 1.917476038215682e-05 -0.0 -0.00023968450841493905 -0.01967809721827507 0.0 0.13873267622963603 -0.7133451513431008 0.054055381401575356 2.314629168354411 0.05423239055891333 0.24650214147499555
4170.048 1.5212899446487427 -0.044326130543844044 0.004795074462890625 -2.344053570424215 -1.3439505735980433 7.190534961409867e-05 -0.06396699696779251 1.917476038215682e-05 -0.0 -0.00023968450841493905 -0.018791265785694122 0.0 0.13833860149185706 -0.7134142019524654 0.05403658812255886 2.3146691656501446 0.05360276668393423 0.2460522621419101
4170.056 1.520798921585083 -0.04433805147279912 0.004843235015869141 -2.344053570424215 -1.344034496937887 7.190534961409867e-05 -0.06316166371107101 1.917476038215682e-05 -0.0 -0.00021571606339421123 -0.013062805868685246 0.0 0.1379664496325379 -0.7134805441433993 0.05401912371646021 2.314701635530414 0.05298709804509963 0.245711210299302
4170.063999999999 1.5203195810317993 -0.04428989091982061 0.004795074462890625 -2.344053570424215 -1.3440945784198206 8.388957940042019e-05 -0.059173308312892914 1.917476038215682e-05 -0.0 -0.00021571606339421123 -0.006807039957493544 0.0 0.1376084486368384 -0.7135489972944732 0.05400480052172853 2.314696837853138 0.05238755904571237 0.24540454096752448
4170.072 1.519888162612915 -0.04430228868593389 0.004795074462890625 -2.344053570424215 -1.344022576008932 8.388957940042019e-05 -0.05217452347278595 1.917476038215682e-05 -0.0 -0.00021571606339421123 -0.0036911414936184883 0.0 0.13731953312567585 -0.7136073005360534 0.0540166562683209 2.3146653059559483 0.051925548841852305 0.24526758495188453
4170.08 1.5194690227508545 -0.044326130543844044 0.004795074462890625 -2.344053570424215 -1.344046417866842 7.190534961409867e-05 -0.04722743481397629 1.917476038215682e-05 -0.0 -0.00021571606339421123 -0.002540655666962266 0.0 0.1370140175205172 -0.7136678553754182 0.05403245068464227 2.3146324715033604 0.051445162560551795 0.24501814841503383
4170.088 1.5190855264663696 -0.044326130543844044 0.004795074462890625 -2.344053570424215 -1.3440702597247522 4.793690095539205e-05 -0.04623034596443176 1.917476038215682e-05 -0.0 -0.0001917476038215682 -0.0019174760673195124 0.0 0.1367340286258838 -0.7137210740579161 0.054031421727860476 2.314623090780006 0.05101665333853022 0.24478396127651175
4170.096 1.518774390220642 -0.04430228868593389 0.004795074462890625 -2.344053570424215 -1.3440583387957972 5.992112710373476e-05 -0.043833501636981964 1.917476038215682e-05 -0.0 -0.0001917476038215682 -0.0015579493483528495 0.0 0.13651521692153157 -0.7137608879443658 0.05401511268053587 2.3146378964193586 0.05064504766267393 0.24464938753462323
4170.103999999999 1.5184028148651123 -0.044326130543844044 0.004806995391845703 -2.3440778891192835 -1.3440702597247522 4.793690095539205e-05 -0.04218447208404541 1.917476038215682e-05 -0.0 -0.0001917476038215682 -0.001294296351261437 0.0 0.13624663493446357 -0.7138158261834471 0.05403196982765063 2.3145925865279104 0.05022734828850187 0.24443611026008222
4170.112 1.5180796384811401 -0.04433805147279912 0.004783153533935547 -2.34406549135317 -1.3440821806537073 5.992112710373476e-05 -0.040765538811683655 1.917476038215682e-05 -0.0 -0.0001917476038215682 -0.0011265171924605966 0.0 0.13601264809571245 -0.7138624875640933 0.054047796222541494 2.314563076787801 0.049836355502543596 0.24426128094257452
4170.12 1.5177676677703857 -0.04428989091982061 0.004795074462890625 -2.3440778891192835 -1.3440945784198206 7.190534961409867e-05 -0.03869466483592987 1.917476038215682e-05 -0.0 -0.0001917476038215682 -0.0009827064350247383 0.0 0.13578689761297436 -0.7139007093191488 0.0540108568346926 2.314603910413266 0.04944825690170254 0.24410138733697032
4170.128 1.5174444913864136 -0.044326130543844044 0.004843235015869141 -2.344053570424215 -1.3440702597247522 8.388957940042019e-05 -0.03647039458155632 1.917476038215682e-05 -0.0 -0.00016777915880084038 -0.0008628642535768449 0.0 0.13556297941809659 -0.7139392366081571 0.054009168464736065 2.314629017636331 0.04906762346849578 0.24397701561423815
4170.1359999999995 1.5170968770980835 -0.04428989091982061 0.004806995391845703 -2.34404164949526 -1.3440583387957972 8.388957940042019e-05 -0.035051461309194565 1.917476038215682e-05 -0.0 -0.00016777915880084038 -0.0007909588748589158 0.0 0.1353179310873136 -0.7139849670819437 0.05399788755283268 2.31462988772177 0.04866918522355768 0.24381616213674556
4170.144 1.5168336629867554 -0.044326130543844044 0.004806995391845703 -2.34404164949526 -1.344046417866842 7.190534961409867e-05 -0.03526238352060318 1.917476038215682e-05 -0.0 -0.00016777915880084038 -0.0007190534961409867 0.0 0.13513296048290857 -0.7140237484922403 0.05402397367579398 2.314584650988865 0.04838914611741596 0.24368544733579242
4170.152 1.5165456533432007 -0.04433805147279912 0.004843235015869141 -2.34404164949526 -1.3440945784198206 7.190534961409867e-05 -0.03675801679491997 1.917476038215682e-05 -0.0 -0.00016777915880084038 -0.0006471481756307185 0.0 0.13491482642039918 -0.7140612809815999 0.054013561960495435 2.314605991206529 0.0480281687216629 0.2434871051525722
4170.16 1.5161985158920288 -0.044326130543844044 0.004819393157958984 -2.34404164949526 -1.3440702597247522 9.58738019107841e-05 -0.03675801679491997 1.917476038215682e-05 -0.0 -0.00016777915880084038 -0.0005992112564854324 0.0 0.13467322962320433 -0.7141087880132437 0.054017216140520366 2.3145836585116206 0.04761208045686374 0.24334970697484853
4170.168 1.5159351825714111 -0.04427844682802373 0.004795074462890625 -2.34404164949526 -1.3440583387957972 9.58738019107841e-05 -0.03328738361597061 1.917476038215682e-05 -0.0 -0.00016777915880084038 -0.0005512743955478072 0.0 0.1344883706568591 -0.7141418662411181 0.05399532050312117 2.314597970109592 0.047309651564114825 0.2432331631930509
4170.1759999999995 1.5156716108322144 -0.04428989091982061 0.004819393157958984 -2.344029251729147 -1.344046417866842 8.388957940042019e-05 -0.0325012169778347 1.917476038215682e-05 -0.0 -0.00014381069922819734 -0.0005273059359751642 0.0 0.13430352039946158 -0.714173935177371 0.05398958615876788 2.31461321992903 0.0470208655770606 0.2431108834156667
4170.184 1.5153719186782837 -0.044326130543844044 0.004819393157958984 -2.3440778891192835 -1.3440821806537073 4.793690095539205e-05 -0.03418859839439392 1.917476038215682e-05 -0.0 -0.00014381069922819734 -0.0004793690168298781 0.0 0.13407946402756396 -0.7142244937858264 0.05402572678098348 2.3145223562365436 0.04670882407483149 0.2428873430002476
4170.192 1.515096664428711 -0.04428989091982061 0.004819393157958984 -2.3440173308001917 -1.3440702597247522 5.992112710373476e-05 -0.0351281613111496 1.917476038215682e-05 -0.0 -0.00014381069922819734 -0.00045540055725723505 0.0 0.13388669058765998 -0.714250328795352 0.05398558843875027 2.3146095120981465 0.04636906440828055 0.24278129870309717
4170.2 1.5148210525512695 -0.044326130543844044 0.004806995391845703 -2.344053570424215 -1.3440583387957972 9.58738019107841e-05 -0.035300735384225845 1.917476038215682e-05 -0.0 -0.00014381069922819734 -0.00043143212678842247 0.0 0.13369239250280096 -0.7142960292191527 0.054026427942661645 2.314519343350359 0.04602575316133585 0.24266164296776707
4170.208 1.5144975185394287 -0.044326130543844044 0.004806995391845703 -2.3440054098712366 -1.344046417866842 0.000107858024421148 -0.03340243175625801 1.917476038215682e-05 -0.0 -0.00014381069922819734 -0.0004074636672157794 0.0 0.13346482743879895 -0.7143332124268686 0.05401494873546217 2.314557084416341 0.04563676223069001 0.24252433194724154
4170.215999999999 1.5142338275909424 -0.044326130543844044 0.004806995391845703 -2.3440173308001917 -1.3440702597247522 7.190534961409867e-05 -0.03351747989654541 1.917476038215682e-05 -0.0 -0.00014381069922819734 -0.0003834952076431364 0.0 0.13327006828883056 -0.7143704843573806 0.05401688844127879 2.3145377052041383 0.04536252351691128 0.24234307926300527
4170.224 1.51393461227417 -0.04428989091982061 0.004783153533935547 -2.3440173308001917 -1.344046417866842 5.992112710373476e-05 -0.03624029830098152 1.917476038215682e-05 -0.0 -0.00014381069922819734 -0.00035952674807049334 0.0 0.13306260112043722 -0.7144086943887953 0.05400336226050863 2.3145377071839097 0.04503990915908949 0.24221455421032273
4170.232 1.5136226415634155 -0.04430228868593389 0.004783153533935547 -2.344029251729147 -1.3440821806537073 8.388957940042019e-05 -0.03917403519153595 1.917476038215682e-05 -0.0 -0.00014381069922819734 -0.00035952674807049334 0.0 0.13283011486615853 -0.7144538293289806 0.05401353569795944 2.314510411026104 0.044636237858623244 0.2420236569638834
4170.24 1.513323426246643 -0.044326130543844044 0.004819393157958984 -2.3440173308001917 -1.3440945784198206 2.3968450477696024e-05 -0.03744830563664436 1.917476038215682e-05 -0.0 -0.00011984225420746952 -0.00033555831760168076 0.0 0.132613331756969 -0.7144908675668642 0.054010110427988645 2.31452258142956 0.0443495893012003 0.2418307329434141
4170.248 1.5130481719970703 -0.04430228868593389 0.004795074462890625 -2.344029251729147 -1.3440821806537073 8.388957940042019e-05 -0.037525005638599396 1.917476038215682e-05 -0.0 -0.00011984225420746952 -0.0003115898580290377 0.0 0.13241975971124495 -0.7145287162786028 0.05400802748442428 2.314505300332046 0.04396924538797729 0.24173405483409613
4170.255999999999 1.5127605199813843 -0.044314209614888966 0.004806995391845703 -2.34404164949526 -1.344046417866842 8.388957940042019e-05 -0.04001772403717041 1.917476038215682e-05 -0.0 -0.00011984225420746952 -0.0003115898580290377 0.0 0.13222359092285957 -0.7145670741316849 0.0540155619510061 2.314480602063725 0.043655724515049066 0.24162787782803136
4170.264 1.5124609470367432 -0.044314209614888966 0.0048313140869140625 -2.3440173308001917 -1.3440702597247522 3.5952674807049334e-05 -0.040823064744472504 1.917476038215682e-05 -0.0 -0.00011984225420746952 -0.00028762139845639467 0.0 0.13200363348784094 -0.7146018114405539 0.05399724007804488 2.314518784295171 0.04334567511361068 0.241431004772444
4170.272 1.512101411819458 -0.04433805147279912 0.0048313140869140625 -2.344029251729147 -1.3440702597247522 7.190534961409867e-05 -0.03917403519153595 1.917476038215682e-05 -0.0 -0.00011984225420746952 -0.00028762139845639467 0.0 0.1317464694916023 -0.7146529637672642 0.054017032159562245 2.3144754506673126 0.04289264196176517 0.241261862161401
4170.28 1.5118141174316406 -0.044314209614888966 0.004806995391845703 -2.34404164949526 -1.3440583387957972 7.190534961409867e-05 -0.034457042813301086 1.917476038215682e-05 -0.0 -0.00011984225420746952 -0.0002636529679875821 0.0 0.13154411622589743 -0.7146922313622379 0.0540150474410207 2.3144528246173586 0.042567487816439833 0.24112805380579047
4170.288 1.5115269422531128 -0.044326130543844044 0.004843235015869141 -2.344029251729147 -1.3440583387957972 5.992112710373476e-05 -0.03179175406694412 1.917476038215682e-05 -0.0 -0.00011984225420746952 -0.0002636529679875821 0.0 0.13133921533023074 -0.7147257229008926 0.054003626785865205 2.3144794785305565 0.04224382445758194 0.24098165491671364
4170.295999999999 1.5112628936767578 -0.04430228868593389 0.004771232604980469 -2.3440173308001917 -1.3440702597247522 8.388957940042019e-05 -0.031810928136110306 1.917476038215682e-05 -0.0 -0.00011984225420746952 -0.0002636529679875821 0.0 0.13114696451454438 -0.7147648417555021 0.05401658962045067 2.3144388587018807 0.04190919681971148 0.24084080778897665
4170.304 1.5110235214233398 -0.044314209614888966 0.004795074462890625 -2.3439934889422815 -1.344046417866842 7.190534961409867e-05 -0.03253956884145737 1.917476038215682e-05 -0.0 -0.00011984225420746952 -0.00023968450841493905 0.0 0.13098250292989128 -0.7147912867690356 0.05400907652640548 2.314463301589425 0.041653017846287596 0.2407461354922656
4170.312 1.510759949684143 -0.044326130543844044 0.004783153533935547 -2.3440173308001917 -1.3440702597247522 7.190534961409867e-05 -0.031063111498951912 1.917476038215682e-05 -0.0 -0.00011984225420746952 -0.00023968450841493905 0.0 0.1307874299043625 -0.7148317403585891 0.05402790486882808 2.314410949043808 0.04134232507091674 0.2405780190219831
4170.32 1.510472297668457 -0.044326130543844044 0.004759311676025391 -2.3440173308001917 -1.3440702597247522 3.5952674807049334e-05 -0.031561654061079025 1.917476038215682e-05 -0.0 -0.00011984225420746952 -0.00023968450841493905 0.0 0.1305815975785915 -0.7148719351633405 0.05403892135862434 2.3143760843471735 0.041054034171799626 0.240410458368559
4170.3279999999995 1.5102689266204834 -0.044326130543844044 0.004806995391845703 -2.3440054098712366 -1.3440945784198206 5.992112710373476e-05 -0.03221359848976135 1.917476038215682e-05 -0.0 -9.58738019107841e-05 -0.00021571606339421123 0.0 0.1304303015727594 -0.7148925483731602 0.05401287022056213 2.3144329709848517 0.040770449518860295 0.24029990198281378
4170.336 1.5100048780441284 -0.044326130543844044 0.004771232604980469 -2.3439934889422815 -1.3440945784198206 5.992112710373476e-05 -0.03140825778245926 1.917476038215682e-05 -0.0 -9.58738019107841e-05 -0.00021571606339421123 0.0 0.13024132657889498 -0.7149294617462998 0.054026426101173655 2.3144013520872013 0.04046796431708001 0.24016254295813239
4170.344 1.5097895860671997 -0.044314209614888966 0.004771232604980469 -2.3440173308001917 -1.3440821806537073 8.388957940042019e-05 -0.029644180089235306 1.917476038215682e-05 -0.0 -9.58738019107841e-05 -0.00021571606339421123 0.0 0.1300905382423922 -0.7149587853623303 0.05402448690349235 2.3143832717952413 0.04019865205401926 0.24007810683219136
4170.352 1.5095858573913574 -0.0443499724017542 0.004843235015869141 -2.3440054098712366 -1.344022576008932 4.793690095539205e-05 -0.027669178321957588 1.917476038215682e-05 -0.0 -9.58738019107841e-05 -0.00021571606339421123 0.0 0.1299611434538841 -0.7149778342303735 0.05401605640404113 2.314415184038445 0.04002777261691797 0.24003265846185137
4170.36 1.5093704462051392 -0.044326130543844044 0.004771232604980469 -2.3439815680133265 -1.3440702597247522 7.190534961409867e-05 -0.025003887712955475 1.917476038215682e-05 -0.0 -9.58738019107841e-05 -0.0001917476038215682 0.0 0.12979425380894327 -0.7150098617258329 0.054024506827858754 2.3143915449906896 0.039729977671196404 0.23987673852497585
4170.3679999999995 1.5091667175292969 -0.044326130543844044 0.004783153533935547 -2.3439934889422815 -1.3440583387957972 7.190534961409867e-05 -0.022837139666080475 1.917476038215682e-05 -0.0 -9.58738019107841e-05 -0.0001917476038215682 0.0 0.12965173011966102 -0.7150360625613019 0.05402248185776644 2.314383849371321 0.03949999080058942 0.23978721616192145
4170.376 1.5089750289916992 -0.044326130543844044 0.0048313140869140625 -2.3439815680133265 -1.3440821806537073 9.58738019107841e-05 -0.02335485816001892 1.917476038215682e-05 -0.0 -9.58738019107841e-05 -0.0001917476038215682 0.0 0.12950889231869245 -0.7150548997679416 0.05399623122847842 2.314441356334393 0.039230074109483176 0.23968324029769705
4170.384 1.5087356567382812 -0.044326130543844044 0.004783153533935547 -2.3439815680133265 -1.3440702597247522 8.388957940042019e-05 -0.023700004443526268 1.917476038215682e-05 -0.0 -9.58738019107841e-05 -0.0001917476038215682 0.0 0.12934045129173338 -0.7150908081709246 0.05401899864117833 2.31438422960188 0.03897935050513743 0.23956258201035963
4170.392 1.508543610572815 -0.044326130543844044 0.004795074462890625 -2.3439815680133265 -1.344046417866842 7.190534961409867e-05 -0.02521480992436409 1.917476038215682e-05 -0.0 -9.58738019107841e-05 -0.0001917476038215682 0.0 0.1292095202082706 -0.7151136723818036 0.05401451950242185 2.3143864111372636 0.03878112453040197 0.2394884410256931
4170.4 1.5083881616592407 -0.04430228868593389 0.0048313140869140625 -2.3439934889422815 -1.3440821806537073 7.190534961409867e-05 -0.024275247007608414 1.917476038215682e-05 -0.0 -9.58738019107841e-05 -0.00016777915880084038 0.0 0.1290892600654273 -0.7151298562644479 0.05398237661866172 2.314432895150274 0.03857635638951662 0.23937509277146188
4170.407999999999 1.5081963539123535 -0.04430228868593389 0.004771232604980469 -2.3439815680133265 -1.344022576008932 0.000107858024421148 -0.023028887808322906 1.917476038215682e-05 -0.0 -9.58738019107841e-05 -0.00016777915880084038 0.0 0.12896741076318508 -0.7151581119028076 0.05400974160998456 2.3143752805854105 0.03834926108294725 0.23935808437721195
4170.416 1.5079807043075562 -0.044314209614888966 0.004795074462890625 -2.3439934889422815 -1.3440583387957972 7.190534961409867e-05 -0.02327815815806389 1.917476038215682e-05 -0.0 -9.58738019107841e-05 -0.00016777915880084038 0.0 0.12880377199572768 -0.7151868613571093 0.054008561997436005 2.314369879404201 0.0381231846586955 0.2391890858738241
4170.424 1.5078128576278687 -0.044326130543844044 0.004771232604980469 -2.3439696470843714 -1.3441064993487757 7.190534961409867e-05 -0.025732528418302536 1.917476038215682e-05 -0.0 -9.58738019107841e-05 -0.00016777915880084038 0.0 0.12867094018586295 -0.7152107505153666 0.05401997418800156 2.314358155661003 0.037906431082945315 0.2390464762611443
4170.432 1.507621169090271 -0.04433805147279912 0.004795074462890625 -2.3440173308001917 -1.3440583387957972 8.388957940042019e-05 -0.02532985806465149 1.917476038215682e-05 -0.0 -9.58738019107841e-05 -0.00016777915880084038 0.0 0.12854627382917505 -0.7152382681302468 0.054031322858137124 2.3143122788866743 0.03769963257811183 0.23900593650158802
4170.44 1.5073938369750977 -0.044314209614888966 0.004795074462890625 -2.3439934889422815 -1.3441184202777308 7.190534961409867e-05 -0.02414102293550968 1.917476038215682e-05 -0.0 -9.58738019107841e-05 -0.00016777915880084038 0.0 0.128368159191618 -0.7152639744764342 0.0540059691605201 2.3143577921412084 0.0374134393554589 0.2388218289004113
4170.447999999999 1.5072020292282104 -0.044326130543844044 0.004771232604980469 -2.3439815680133265 -1.3440702597247522 8.388957940042019e-05 -0.02287548966705799 1.917476038215682e-05 -0.0 -9.58738019107841e-05 -0.00014381069922819734 0.0 0.1282435103528886 -0.7152896285697043 0.054024506827858754 2.3143236228338844 0.03720503738718813 0.2387829575870742
4170.456 1.5070103406906128 -0.04433805147279912 0.004771232604980469 -2.3439696470843714 -1.3440821806537073 7.190534961409867e-05 -0.022702915593981743 1.917476038215682e-05 -0.0 -7.190534961409867e-05 -0.00014381069922819734 0.0 0.12810328335472437 -0.715314282486087 0.054029435333248874 2.314317936258313 0.03699103642844841 0.23866587636439643
4170.464 1.5067826509475708 -0.0443499724017542 0.004806995391845703 -2.343957249318258 -1.3440702597247522 7.190534961409867e-05 -0.02279878966510296 1.917476038215682e-05 -0.0 -7.190534961409867e-05 -0.00014381069922819734 0.0 0.12794392177496725 -0.7153389057921502 0.05401874951304751 2.3143449203073514 0.036728417732921306 0.23856951175684743
4170.472 1.5065792798995972 -0.044326130543844044 0.0048313140869140625 -2.3439815680133265 -1.3440821806537073 5.992112710373476e-05 -0.021533256396651268 1.917476038215682e-05 -0.0 -7.190534961409867e-05 -0.00014381069922819734 0.0 0.1277954301651813 -0.715363118213856 0.05399623122847842 2.3143622824213717 0.03649729069312345 0.23844987435454973
4170.48 1.506399154663086 -0.04433805147279912 0.004806995391845703 -2.3439934889422815 -1.344046417866842 5.992112710373476e-05 -0.02113058604300022 1.917476038215682e-05 -0.0 -7.190534961409867e-05 -0.00014381069922819734 0.0 0.1276756212835658 -0.7153903822703364 0.054020391709833485 2.3143050258258926 0.03631338146643106 0.2383929266464967
4170.487999999999 1.5062077045440674 -0.0443499724017542 0.004771232604980469 -2.3440054098712366 -1.344046417866842 3.5952674807049334e-05 -0.022530343383550644 1.917476038215682e-05 -0.0 -7.190534961409867e-05 -0.00014381069922819734 0.0 0.12753815341247604 -0.7154212873908997 0.05404829679441396 2.314238453725205 0.036127733535168405 0.23827497419740423
4170.496 1.5060280561447144 -0.044314209614888966 0.004759311676025391 -2.3439815680133265 -1.3440702597247522 4.793690095539205e-05 -0.024045148864388466 1.917476038215682e-05 -0.0 -7.190534961409867e-05 -0.00014381069922819734 0.0 0.12740365558687522 -0.7154398260304126 0.054021603315270575 2.314283000708361 0.03588714785476628 0.23816917046730796
4170.504 1.505800724029541 -0.044326130543844044 0.004783153533935547 -2.3439934889422815 -1.3440583387957972 5.992112710373476e-05 -0.02527233399450779 1.917476038215682e-05 -0.0 -7.190534961409867e-05 -0.00014381069922819734 0.0 0.127244193455147 -0.7154684179739479 0.05402248185776644 2.3142750337983884 0.035616060627108106 0.23807377167809257
4170.512 1.5056325197219849 -0.0443499724017542 0.004795074462890625 -2.3439696470843714 -1.3440821806537073 7.190534961409867e-05 -0.02473544143140316 1.917476038215682e-05 -0.0 -7.190534961409867e-05 -0.00011984225420746952 0.0 0.12711773129554038 -0.7154886696550511 0.054026830650795776 2.3142847113077023 0.03539399433832638 0.23796873380833272
4170.5199999999995 1.5054291486740112 -0.044326130543844044 0.004806995391845703 -2.343957249318258 -1.3440821806537073 8.388957940042019e-05 -0.024466993287205696 1.917476038215682e-05 -0.0 -7.190534961409867e-05 -0.00011984225420746952 0.0 0.12697258793043298 -0.7155094125587775 0.054001411737848226 2.314326223416216 0.035137844977392904 0.23787862867117415
4170.528 1.5052733421325684 -0.044314209614888966 0.004759311676025391 -2.343945328389303 -1.3440702597247522 5.992112710373476e-05 -0.026633741334080696 1.917476038215682e-05 -0.0 -7.190534961409867e-05 -0.00011984225420746952 0.0 0.12686400315382584 -0.7155315007785654 0.054012578441160655 2.3142946432113365 0.03499444218094832 0.23779770662884664
4170.536 1.5050699710845947 -0.04436189333070928 0.004783153533935547 -2.3439696470843714 -1.3440702597247522 8.388957940042019e-05 -0.027880100533366203 1.917476038215682e-05 -0.0 -7.190534961409867e-05 -0.00011984225420746952 0.0 0.12671818150224284 -0.7155622132063533 0.054041265016432846 2.3142421197180747 0.03473813326404055 0.237699783354383
4170.544 1.5048539638519287 -0.044326130543844044 0.0048313140869140625 -2.343957249318258 -1.3440702597247522 8.388957940042019e-05 -0.025847576558589935 1.917476038215682e-05 -0.0 -7.190534961409867e-05 -0.00011984225420746952 0.0 0.12656438976501366 -0.7155793535282874 0.05399068971564884 2.3143297348342777 0.03447440559861815 0.23760422924581287
4170.552 1.5046266317367554 -0.044326130543844044 0.004735469818115234 -2.343945328389303 -1.344046417866842 8.388957940042019e-05 -0.023738352581858635 1.917476038215682e-05 -0.0 -7.190534961409867e-05 -0.00011984225420746952 0.0 0.1264072416718286 -0.7156165269096912 0.05403303546130307 2.3142368979987795 0.03423493363233875 0.23750418952515337
4170.5599999999995 1.5044108629226685 -0.044326130543844044 0.004771232604980469 -2.343933407460348 -1.3440821806537073 9.58738019107841e-05 -0.022549517452716827 1.917476038215682e-05 -0.0 -7.190534961409867e-05 -0.00011984225420746952 0.0 0.12624382293709638 -0.7156394272380638 0.05401199878859754 2.314281392749107 0.033946646592653 0.23736640190100505
4170.568 1.5042191743850708 -0.04433805147279912 0.004795074462890625 -2.343957249318258 -1.3440821806537073 4.793690095539205e-05 -0.022587867453694344 1.917476038215682e-05 -0.0 -7.190534961409867e-05 -0.00011984225420746952 0.0 0.12610656282362293 -0.7156649887897686 0.0540153315194158 2.3142599854284813 0.03378178667362851 0.2372431238720378
4170.576 1.5040513277053833 -0.04430228868593389 0.004795074462890625 -2.343957249318258 -1.3440702597247522 8.388957940042019e-05 -0.021801702678203583 1.917476038215682e-05 -0.0 -7.190534961409867e-05 -0.00011984225420746952 0.0 0.1259898121719272 -0.7156823333526181 0.05399061110222868 2.3142906242054613 0.03354665810781505 0.23719516848534283
4170.584 1.5039079189300537 -0.04433805147279912 0.004759311676025391 -2.343957249318258 -1.3440702597247522 7.190534961409867e-05 -0.02099636197090149 1.917476038215682e-05 -0.0 -7.190534961409867e-05 -0.00011984225420746952 0.0 0.12588662033137674 -0.7157077929435822 0.054032370507581445 2.314214592285365 0.033404684821738535 0.23710591798326403
4170.592 1.5037161111831665 -0.0443499724017542 0.004771232604980469 -2.343933407460348 -1.3441064993487757 7.190534961409867e-05 -0.02076626569032669 1.917476038215682e-05 -0.0 -7.190534961409867e-05 -0.00011984225420746952 0.0 0.12574002497784922 -0.7157299351973561 0.05402777264970783 2.3142356079677033 0.033161193483872045 0.23697019216187726
4170.599999999999 1.5035364627838135 -0.04433805147279912 0.004806995391845703 -2.343933407460348 -1.344046417866842 5.992112710373476e-05 -0.02166747860610485 1.917476038215682e-05 -0.0 -7.190534961409867e-05 -9.58738019107841e-05 0.0 0.12562772850546525 -0.7157458599176156 0.05400542965109437 2.3142689520285082 0.032990441382819334 0.2369495391427178
4170.608 1.503356695175171 -0.044314209614888966 0.004783153533935547 -2.343957249318258 -1.3440583387957972 7.190534961409867e-05 -0.021744178608059883 1.917476038215682e-05 -0.0 -7.190534961409867e-05 -9.58738019107841e-05 0.0 0.12549560932108994 -0.7157718299723734 0.05400504535953467 2.3142415041414552 0.03276562383237786 0.2368470234460092
4170.616 1.503212809562683 -0.04433805147279912 0.004806995391845703 -2.343945328389303 -1.3440702597247522 4.793690095539205e-05 -0.021149760112166405 1.917476038215682e-05 -0.0 -7.190534961409867e-05 -9.58738019107841e-05 0.0 0.1253896543680834 -0.7157885151011669 0.05400736920912254 2.3142480641647136 0.032619235233699674 0.2367498967884319
4170.624 1.503021478652954 -0.044326130543844044 0.0048313140869140625 -2.343957249318258 -1.3440583387957972 8.388957940042019e-05 -0.017832526937127113 1.917476038215682e-05 -0.0 -7.190534961409867e-05 -9.58738019107841e-05 0.0 0.1252560397810004 -0.7158097665575373 0.053991204250937785 2.314266526973187 0.03235859411552696 0.23668842730538286
4170.632 1.5029016733169556 -0.044326130543844044 0.004771232604980469 -2.343945328389303 -1.3440821806537073 7.190534961409867e-05 -0.01654781773686409 1.917476038215682e-05 -0.0 -7.190534961409867e-05 -9.58738019107841e-05 0.0 0.12516353004025568 -0.7158305440410964 0.05401496746947895 2.3142168981759847 0.03222859468520008 0.23658684476069192
4170.639999999999 1.5027694702148438 -0.044326130543844044 0.004783153533935547 -2.3439696470843714 -1.3440702597247522 8.388957940042019e-05 -0.017238110303878784 1.917476038215682e-05 -0.0 -7.190534961409867e-05 -9.58738019107841e-05 0.0 0.1250719236377264 -0.7158483400169607 0.05401602993225357 2.3141996314885365 0.032069328817270766 0.23653782441946042
4170.648 1.5026259422302246 -0.044326130543844044 0.004806995391845703 -2.3439696470843714 -1.3440583387957972 4.793690095539205e-05 -0.020018449053168297 1.917476038215682e-05 -0.0 -7.190534961409867e-05 -9.58738019107841e-05 0.0 0.12497255314484454 -0.7158633704646047 0.05400552815515737 2.3142144506019995 0.031947349321268685 0.23646409369051577
4170.656 1.5024582147598267 -0.044326130543844044 0.004771232604980469 -2.343921486531393 -1.3440945784198206 9.58738019107841e-05 -0.020862139761447906 1.917476038215682e-05 -0.0 -7.190534961409867e-05 -9.58738019107841e-05 0.0 0.12484302914647014 -0.7158834899329785 0.05400849507499601 2.314228096515436 0.03167792438909688 0.23636318789550156
4170.664 1.5023387670516968 -0.04433805147279912 0.004759311676025391 -2.343909565602438 -1.3440702597247522 5.992112710373476e-05 -0.02028689719736576 1.917476038215682e-05 -0.0 -7.190534961409867e-05 -9.58738019107841e-05 0.0 0.12476387054060015 -0.715898823464647 0.05402049570819516 2.314207168244566 0.03159518779746545 0.23631078007745904
4170.672 1.5021229982376099 -0.04433805147279912 0.004806995391845703 -2.343933407460348 -1.3441064993487757 8.388957940042019e-05 -0.019750002771615982 1.917476038215682e-05 -0.0 -7.190534961409867e-05 -9.58738019107841e-05 0.0 0.12460004269979155 -0.7159242771147066 0.054002836557858466 2.31422877735289 0.03129602436324239 0.23617503588644007
4170.679999999999 1.5019792318344116 -0.044326130543844044 0.004783153533935547 -2.343945328389303 -1.3440821806537073 7.190534961409867e-05 -0.019174760207533836 1.917476038215682e-05 -0.0 -7.190534961409867e-05 -9.58738019107841e-05 0.0 0.1245032782257666 -0.7159443946135653 0.054009459327620316 2.3141968409925133 0.03115891628075745 0.23612060651003686
4170.688 1.5018353462219238 -0.044314209614888966 0.004783153533935547 -2.343945328389303 -1.3440702597247522 3.5952674807049334e-05 -0.019002187997102737 1.917476038215682e-05 -0.0 -7.190534961409867e-05 -9.58738019107841e-05 0.0 0.12440349051226222 -0.715960827313482 0.05400156218559096 2.3141998843393172 0.031038146541969246 0.23604489639387463
4170.696 1.5016436576843262 -0.04430228868593389 0.004806995391845703 -2.343945328389303 -1.3440702597247522 8.388957940042019e-05 -0.019941750913858414 1.917476038215682e-05 -0.0 -7.190534961409867e-05 -9.58738019107841e-05 0.0 0.12426655107742654 -0.7159808935272289 0.053982134404742976 2.314231548787398 0.030755659895344508 0.23597722845608482
4170.704 1.5015002489089966 -0.04433805147279912 0.004771232604980469 -2.343921486531393 -1.3440583387957972 4.793690095539205e-05 -0.020670391619205475 1.917476038215682e-05 -0.0 -7.190534961409867e-05 -9.58738019107841e-05 0.0 0.12416668125646657 -0.7160029856220034 0.05401847076583821 2.3141759603005787 0.030644182196040565 0.235893070131969
4170.7119999999995 1.5013080835342407 -0.044326130543844044 0.004795074462890625 -2.343909565602438 -1.344046417866842 7.190534961409867e-05 -0.0218400526791811 1.917476038215682e-05 -0.0 -7.190534961409867e-05 -9.58738019107841e-05 0.0 0.1240326606309855 -0.7160213528273784 0.053996588933571135 2.314216400504251 0.030393190103814402 0.23582857662311812
4170.72 1.5011167526245117 -0.044314209614888966 0.004819393157958984 -2.3439696470843714 -1.344046417866842 9.58738019107841e-05 -0.02394927479326725 1.917476038215682e-05 -0.0 -7.190534961409867e-05 -9.58738019107841e-05 0.0 0.1238953852312864 -0.7160483375175342 0.053991902654930785 2.314187790914597 0.03014709888089933 0.23574008423427883
4170.728 1.5009369850158691 -0.044326130543844044 0.004759311676025391 -2.343933407460348 -1.3440583387957972 8.388957940042019e-05 -0.026576217263936996 1.917476038215682e-05 -0.0 -7.190534961409867e-05 -9.58738019107841e-05 0.0 0.1237632097299258 -0.7160743522327647 0.054018535923236896 2.3141468487251426 0.02995209037458294 0.23562371268778132
4170.736 1.500745177268982 -0.04433805147279912 0.004795074462890625 -2.343933407460348 -1.3440821806537073 3.5952674807049334e-05 -0.029318207874894142 1.917476038215682e-05 -0.0 -7.190534961409867e-05 -7.190534961409867e-05 0.0 0.12361982271972483 -0.7160959516557575 0.054009394174468026 2.3141630838543237 0.029770169992601077 0.23547804482035894
4170.744 1.5004816055297852 -0.04433805147279912 0.004806995391845703 -2.343933407460348 -1.3440702597247522 5.992112710373476e-05 -0.03008519858121872 1.917476038215682e-05 -0.0 -7.190534961409867e-05 -7.190534961409867e-05 0.0 0.12343434200787319 -0.7161269039193956 0.05400440056812633 2.314165734239918 0.029441600048244834 0.23537204974887843
4170.7519999999995 1.5002542734146118 -0.044326130543844044 0.004771232604980469 -2.343945328389303 -1.3440821806537073 5.992112710373476e-05 -0.029529130086302757 1.917476038215682e-05 -0.0 -7.190534961409867e-05 -7.190534961409867e-05 0.0 0.1232680039233559 -0.7161593930425411 0.05401496746947895 2.3141238270113926 0.029177422238156284 0.23523753563931704
4170.76 1.4999430179595947 -0.044326130543844044 0.004806995391845703 -2.343909565602438 -1.3440702597247522 7.190534961409867e-05 -0.032577916979789734 1.917476038215682e-05 -0.0 -7.190534961409867e-05 -7.190534961409867e-05 0.0 0.12304894246572924 -0.7161893036046905 0.053990051771645994 2.3141825677258447 0.028799136010075266 0.23511014787690995
4170.768 1.4996910095214844 -0.044314209614888966 0.004759311676025391 -2.343921486531393 -1.3440821806537073 9.58738019107841e-05 -0.03670049086213112 1.917476038215682e-05 -0.0 -7.190534961409867e-05 -7.190534961409867e-05 0.0 0.12286479792069867 -0.7162260363075907 0.05400612661197053 2.314129535689615 0.02848038223943687 0.23497348798235212
4170.776 1.4994516372680664 -0.044326130543844044 0.004795074462890625 -2.343909565602438 -1.3440583387957972 7.190534961409867e-05 -0.038905587047338486 1.917476038215682e-05 -0.0 -7.190534961409867e-05 -7.190534961409867e-05 0.0 0.12270004104802723 -0.7162506803475394 0.05399607436682115 2.314151947422949 0.028237948191638697 0.23487284750108411
4170.784 1.4991041421890259 -0.044326130543844044 0.004795074462890625 -2.343909565602438 -1.344046417866842 8.388957940042019e-05 -0.04024782031774521 1.917476038215682e-05 -0.0 -7.190534961409867e-05 -7.190534961409867e-05 0.0 0.12245429160960813 -0.7162929743298747 0.053996588933571135 2.3141388936841847 0.02782778643201695 0.23471640864229817
4170.7919999999995 1.4987809658050537 -0.04433805147279912 0.004806995391845703 -2.343921486531393 -1.3440702597247522 4.793690095539205e-05 -0.04068884253501892 1.917476038215682e-05 -0.0 -7.190534961409867e-05 -7.190534961409867e-05 0.0 0.12221640998900615 -0.7163343799639299 0.05400143194394512 2.314115860033107 0.027484990253778558 0.23450482885369078
4170.8 1.4984209537506104 -0.044326130543844044 0.004855155944824219 -2.343909565602438 -1.3440945784198206 7.190534961409867e-05 -0.04266384243965149 1.917476038215682e-05 -0.0 -7.190534961409867e-05 -7.190534961409867e-05 0.0 0.12195276049767598 -0.7163711150686869 0.05396674974259166 2.314177843243346 0.02701796937480717 0.23431690104909128
4170.808 1.4980977773666382 -0.04430228868593389 0.004843235015869141 -2.343933407460348 -1.3440702597247522 7.190534961409867e-05 -0.04690146446228027 1.917476038215682e-05 -0.0 -7.190534961409867e-05 -7.190534961409867e-05 0.0 0.12172747269785719 -0.7164116655701552 0.05396242141807006 2.3141516334221723 0.026657571137021743 0.234179213130559
4170.816 1.4977142810821533 -0.04427844682802373 0.0048313140869140625 -2.343933407460348 -1.3440945784198206 5.992112710373476e-05 -0.04993107542395592 1.917476038215682e-05 -0.0 -7.190534961409867e-05 -7.190534961409867e-05 0.0 0.12144633734476218 -0.7164578688830683 0.053950056741736474 2.3141512703731273 0.026213444250817418 0.23395209571266565
4170.824 1.4973431825637817 -0.04430228868593389 0.004795074462890625 -2.343909565602438 -1.3440821806537073 9.58738019107841e-05 -0.05543423071503639 1.917476038215682e-05 -0.0 -7.190534961409867e-05 -7.190534961409867e-05 0.0 0.12118344751790322 -0.716506055277865 0.053978222178254986 2.3141028712331995 0.02575388724115883 0.23379101721271986
4170.831999999999 1.4969117641448975 -0.04428989091982061 0.004806995391845703 -2.343957249318258 -1.3441064993487757 5.992112710373476e-05 -0.061531804502010345 1.917476038215682e-05 -0.0 -7.190534961409867e-05 -7.190534961409867e-05 0.0 0.12086760800750163 -0.7165619776005292 0.053974790909195505 2.3140643966215215 0.025287004378231292 0.23352213804164107
4170.84 1.4964567422866821 -0.044314209614888966 0.004819393157958984 -2.343909565602438 -1.3441064993487757 8.388957940042019e-05 -0.06360267847776413 1.917476038215682e-05 -0.0 -7.190534961409867e-05 -7.190534961409867e-05 0.0 0.12054199161857251 -0.7166123030339273 0.05397434777092369 2.3140841461694373 0.024727675779345197 0.23330885551629935
4170.848 1.4959298372268677 -0.04430228868593389 0.0048313140869140625 -2.343921486531393 -1.3440821806537073 8.388957940042019e-05 -0.061225008219480515 1.917476038215682e-05 -0.0 -7.190534961409867e-05 -7.190534961409867e-05 0.0 0.1201709004869417 -0.7166740652586533 0.05396444634678886 2.3140734441306994 0.024128149482621528 0.2330713829943216
4170.856 1.4954503774642944 -0.04430228868593389 0.004783153533935547 -2.343945328389303 -1.3440702597247522 3.5952674807049334e-05 -0.06227962300181389 1.917476038215682e-05 -0.0 -7.190534961409867e-05 -7.190534961409867e-05 0.0 0.11982968262074575 -0.7167393755861666 0.053993150566919945 2.3139803412208755 0.023644917864639715 0.23280665453572347
4170.864 1.494911551475525 -0.04430228868593389 0.004819393157958984 -2.343933407460348 -1.3440945784198206 8.388957940042019e-05 -0.06624879688024521 1.917476038215682e-05 -0.0 -7.190534961409867e-05 -7.190534961409867e-05 0.0 0.11943753284772693 -0.7167990664170607 0.053972387841002334 2.314012917926232 0.022946642936967004 0.2325366554052317
4170.871999999999 1.4943965673446655 -0.044326130543844044 0.0048313140869140625 -2.343945328389303 -1.3440945784198206 0.000107858024421148 -0.06983447819948196 1.917476038215682e-05 -0.0 -7.190534961409867e-05 -7.190534961409867e-05 0.0 0.11906820272633799 -0.7168629142643692 0.05398667152347757 2.3139712962916246 0.02232637465373364 0.232283917414245
4170.88 1.4938693046569824 -0.044314209614888966 0.0048313140869140625 -2.343933407460348 -1.3440945784198206 5.992112710373476e-05 -0.0712725818157196 1.917476038215682e-05 -0.0 -7.190534961409867e-05 -7.190534961409867e-05 0.0 0.11869042402761693 -0.7169230249652218 0.05397529135517788 2.313971600578271 0.021768047023008198 0.2319955648176228
4170.888 1.4932940006256104 -0.044326130543844044 0.004759311676025391 -2.343945328389303 -1.3440821806537073 9.58738019107841e-05 -0.07340098172426224 1.917476038215682e-05 -0.0 -7.190534961409867e-05 -7.190534961409867e-05 0.0 0.11828026914299289 -0.7170013176021786 0.05402047562690125 2.3138559647502985 0.021080796021027175 0.23172162621174291
4170.896 1.4926955699920654 -0.04430228868593389 0.0048313140869140625 -2.343945328389303 -1.3440702597247522 5.992112710373476e-05 -0.0732092335820198 1.917476038215682e-05 -0.0 -7.190534961409867e-05 -7.190534961409867e-05 0.0 0.11785525735046289 -0.7170615109075575 0.053970897983472696 2.313923397467279 0.02042166117603491 0.231427947238111
4170.9039999999995 1.492072343826294 -0.044314209614888966 0.0048313140869140625 -2.343921486531393 -1.3441303412066858 5.992112710373476e-05 -0.07434054464101791 1.917476038215682e-05 -0.0 -7.190534961409867e-05 -7.190534961409867e-05 0.0 0.11739261883360977 -0.7171345787795678 0.053970779415077816 2.3139173792072794 0.019668554526975558 0.23104392491082634
4170.912 1.4914495944976807 -0.04430228868593389 0.0048313140869140625 -2.343909565602438 -1.3441303412066858 7.190534961409867e-05 -0.07409127056598663 1.917476038215682e-05 -0.0 -7.190534961409867e-05 -7.190534961409867e-05 0.0 0.11694622016553906 -0.7172049762305648 0.05395939930724078 2.3139169239653925 0.01893043293528594 0.2307375214277439
4170.92 1.4908627271652222 -0.044326130543844044 0.004819393157958984 -2.343933407460348 -1.3441303412066858 9.58738019107841e-05 -0.07023714482784271 1.917476038215682e-05 -0.0 -7.190534961409867e-05 -7.190534961409867e-05 0.0 0.11652472698111808 -0.7172799233721737 0.05398766767486393 2.313836415446525 0.018232296288733525 0.23044274153373195
4170.928 1.49028742313385 -0.04430228868593389 0.004795074462890625 -2.343921486531393 -1.3441303412066858 8.388957940042019e-05 -0.07294078916311264 1.917476038215682e-05 -0.0 -7.190534961409867e-05 -7.190534961409867e-05 0.0 0.11611210435112018 -0.717345759909741 0.053979112350082514 2.3138239248829064 0.01757859984183306 0.23014629896035865
4170.936 1.489736557006836 -0.04430228868593389 0.004806995391845703 -2.343957249318258 -1.344154183064596 9.58738019107841e-05 -0.07930681109428406 1.917476038215682e-05 -0.0 -7.190534961409867e-05 -7.190534961409867e-05 0.0 0.11571034839165381 -0.7174130686432275 0.05398148140935083 2.313781628296564 0.016918663508846132 0.22984148069622093
4170.9439999999995 1.4891138076782227 -0.044314209614888966 0.004806995391845703 -2.343933407460348 -1.344154183064596 7.190534961409867e-05 -0.08318010717630386 1.917476038215682e-05 -0.0 -7.190534961409867e-05 -7.190534961409867e-05 0.0 0.1152637323826276 -0.7174833434389425 0.05398395573818103 2.313766700129278 0.016224086292199586 0.22951504057423436
4170.952 1.4884785413742065 -0.044326130543844044 0.004759311676025391 -2.343945328389303 -1.344142262135641 7.190534961409867e-05 -0.07717841118574142 1.917476038215682e-05 -0.0 -7.190534961409867e-05 -7.190534961409867e-05 0.0 0.11481032128922727 -0.7175639208894551 0.054017883046984114 2.313669163175507 0.015505543114817418 0.22919532574923634
4170.96 1.4878557920455933 -0.04430228868593389 0.004771232604980469 -2.343909565602438 -1.344166103993551 5.992112710373476e-05 -0.07311335951089859 1.917476038215682e-05 -0.0 -7.190534961409867e-05 -7.190534961409867e-05 0.0 0.11435785027200888 -0.7176279694476012 0.05398561681720297 2.313715757843283 0.014776198116148729 0.22885645117934642
4170.968 1.4872089624404907 -0.04428989091982061 0.004819393157958984 -2.343921486531393 -1.344154183064596 5.992112710373476e-05 -0.0745898187160492 1.917476038215682e-05 -0.0 -7.190534961409867e-05 -7.190534961409867e-05 0.0 0.11389729482159414 -0.7176964703030496 0.053958099084513586 2.313735371859403 0.014026386540598599 0.2285493464009775
4170.976 1.4866458177566528 -0.04428989091982061 0.004819393157958984 -2.343921486531393 -1.3441303412066858 7.190534961409867e-05 -0.07901918888092041 1.917476038215682e-05 -0.0 -7.190534961409867e-05 -7.190534961409867e-05 0.0 0.11349942002356497 -0.7177599753263033 0.053959127883712266 2.3137098743576505 0.01337286563097813 0.22829711551537105
4170.9839999999995 1.485999345779419 -0.044314209614888966 0.004783153533935547 -2.343933407460348 -1.344154183064596 5.992112710373476e-05 -0.0790383592247963 1.917476038215682e-05 -0.0 -7.190534961409867e-05 -7.190534961409867e-05 0.0 0.1130283345900992 -0.717841445925347 0.05399497198643016 2.313613530549212 0.012637588614177218 0.22792402107826495
4170.992 1.4853402376174927 -0.044326130543844044 0.004843235015869141 -2.343933407460348 -1.344142262135641 5.992112710373476e-05 -0.07953690737485886 1.917476038215682e-05 -0.0 -7.190534961409867e-05 -7.190534961409867e-05 0.0 0.11255891350986331 -0.7179101473982881 0.05397613711561457 2.3136315854789604 0.01187381401270326 0.22761068755239086
4171.0 1.484681487083435 -0.04426604906191045 0.004843235015869141 -2.343921486531393 -1.344142262135641 0.000107858024421148 -0.0803997665643692 1.917476038215682e-05 -0.0 -7.190534961409867e-05 -7.190534961409867e-05 0.0 0.1120865937150087 -0.7179768680312909 0.05393077440943045 2.3136767559247438 0.011045123557292874 0.22731159318193533
4171.008 1.4840106964111328 -0.044326130543844044 0.004819393157958984 -2.343933407460348 -1.344166103993551 8.388957940042019e-05 -0.08208715170621872 1.917476038215682e-05 -0.0 -7.190534961409867e-05 -7.190534961409867e-05 0.0 0.11159773858446256 -0.7180622677681239 0.05398612459027509 2.3135552100830696 0.010299362682256254 0.22691644316510987
4171.016 1.4833276271820068 -0.04430228868593389 0.004759311676025391 -2.343921486531393 -1.344154183064596 8.388957940042019e-05 -0.08250899612903595 1.917476038215682e-05 -0.0 -7.190534961409867e-05 -7.190534961409867e-05 0.0 0.11111002831276083 -0.7181408936481715 0.05399460793484223 2.3135004544389797 0.009518640855026371 0.22657948681978132
4171.023999999999 1.4826449155807495 -0.044326130543844044 0.004819393157958984 -2.343909565602438 -1.344154183064596 8.388957940042019e-05 -0.08321846276521683 1.917476038215682e-05 -0.0 -7.190534961409867e-05 -7.190534961409867e-05 0.0 0.11062036010682101 -0.7182109605137742 0.05398070167524065 2.3135179509092842 0.008721677624688621 0.22624042482622866
4171.032 1.4820101261138916 -0.04428989091982061 0.004855155944824219 -2.343933407460348 -1.344142262135641 8.388957940042019e-05 -0.08688084036111832 1.917476038215682e-05 -0.0 -7.190534961409867e-05 -7.190534961409867e-05 0.0 0.11016801630947295 -0.7182761625849009 0.05394505795497692 2.3135359960308204 0.007985743016869407 0.2259393209814698
4171.04 1.4813153743743896 -0.04427844682802373 0.004806995391845703 -2.343909565602438 -1.344166103993551 5.992112710373476e-05 -0.08887501060962677 1.917476038215682e-05 -0.0 -7.190534961409867e-05 -7.190534961409867e-05 0.0 0.1096624729484186 -0.718354339751809 0.053952269417124527 2.313494049792591 0.007199672982154865 0.22554468820742338
4171.048 1.480620265007019 -0.04430228868593389 0.004819393157958984 -2.343921486531393 -1.344154183064596 9.58738019107841e-05 -0.08596044778823853 1.917476038215682e-05 -0.0 -7.190534961409867e-05 -7.190534961409867e-05 0.0 0.1091660662068648 -0.7184325320879311 0.05396684711481185 2.3134406746705167 0.006363551795044853 0.22522011796050947
4171.056 1.479913592338562 -0.044314209614888966 0.004806995391845703 -2.343921486531393 -1.344166103993551 9.58738019107841e-05 -0.08459904044866562 1.917476038215682e-05 -0.0 -7.190534961409867e-05 -7.190534961409867e-05 0.0 0.10865493555443087 -0.7185122509594261 0.05398047276166343 2.3133864179810564 0.005543809890562934 0.224843615797396
4171.063999999999 1.4791829586029053 -0.044314209614888966 0.004795074462890625 -2.343921486531393 -1.344166103993551 7.190534961409867e-05 -0.08615219593048096 1.917476038215682e-05 -0.0 -7.190534961409867e-05 -7.190534961409867e-05 0.0 0.1081297945267926 -0.7185927444194121 0.05398598086747709 2.313340478862474 0.004728158591956411 0.2244584632676456
4171.072 1.4784762859344482 -0.044314209614888966 0.004843235015869141 -2.343909565602438 -1.344154183064596 7.190534961409867e-05 -0.0888366624712944 1.917476038215682e-05 -0.0 -7.190534961409867e-05 -0.0003115898580290377 0.0 0.10762584372515273 -0.7186620940497723 0.05396127401001245 2.313365896083642 0.003907563691532163 0.22412287276735443
4171.08 1.477793574333191 -0.044326130543844044 0.0048313140869140625 -2.343957249318258 -1.3441904226886194 8.388957940042019e-05 -0.09071578830480576 1.917476038215682e-05 -0.0 -7.190534961409867e-05 -0.0003115898580290377 0.0 0.107124735023601 -0.718744185450207 0.05398550462756131 2.3132690304893644 0.0030966183945868027 0.22372892137214437
4171.088 1.4771348237991333 -0.044326130543844044 0.004783153533935547 -2.343945328389303 -1.3441904226886194 5.992112710373476e-05 -0.08803132176399231 1.917476038215682e-05 -0.0 -7.190534961409867e-05 -0.0003115898580290377 0.0 0.10665080130445324 -0.7188184386984103 0.05400478892320837 2.3132019003253665 0.00236797118051943 0.2233763438301911
4171.096 1.4764161109924316 -0.044326130543844044 0.004819393157958984 -2.343933407460348 -1.3441904226886194 7.190534961409867e-05 -0.08341020345687866 1.917476038215682e-05 -0.0 -7.190534961409867e-05 -0.0003115898580290377 0.0 0.10613474589501153 -0.7188895564521266 0.0539850754241821 2.3132162843342425 0.0015154523989870557 0.22302503253036957
4171.103999999999 1.4757213592529297 -0.044326130543844044 0.004819393157958984 -2.343957249318258 -1.3441780249225062 5.992112710373476e-05 -0.0768716111779213 1.917476038215682e-05 -0.0 -7.190534961409867e-05 -0.0003115898580290377 0.0 0.10563825036986232 -0.718965689946247 0.053991547623152766 2.3131584107250798 0.0007355879198286474 0.22267653914377092
4171.112 1.4750865697860718 -0.044326130543844044 0.004819393157958984 -2.343945328389303 -1.3442500273333948 8.388957940042019e-05 -0.0758361741900444 1.917476038215682e-05 -0.0 -7.190534961409867e-05 -0.0003115898580290377 0.0 0.10516291632963108 -0.719032555403253 0.05398547308960862 2.3131493013369875 -6.434889697069065e-05 0.22228485786802488
4171.12 1.4744514226913452 -0.044314209614888966 0.004806995391845703 -2.343945328389303 -1.3442142645465296 7.190534961409867e-05 -0.08018884807825089 1.917476038215682e-05 -0.0 -7.190534961409867e-05 -0.0003115898580290377 0.0 0.10471563194064001 -0.7190987242408684 0.05398433242952151 2.313114159030692 -0.0007670625022620237 0.221997353219225
4171.128 1.4738047122955322 -0.04433805147279912 0.004806995391845703 -2.343957249318258 -1.3442862669574183 8.388957940042019e-05 -0.08515510708093643 1.917476038215682e-05 -0.0 -7.190534961409867e-05 -0.001294296351261437 0.0 0.10423111167179996 -0.7191713519003357 0.05400101926196996 2.313056770536667 -0.0015594669990417595 0.22158591738111402
4171.1359999999995 1.4732414484024048 -0.044326130543844044 0.004795074462890625 -2.343933407460348 -1.3443101088153284 9.58738019107841e-05 -0.08112841099500656 1.917476038215682e-05 -0.0 -7.190534961409867e-05 -0.005033374764025211 0.0 0.10381996608736939 -0.7192277144316961 0.05399115017195634 2.313056281167949 -0.0022404190176358173 0.22128206210946597
4171.144 1.4725830554962158 -0.044314209614888966 0.004795074462890625 -2.343957249318258 -1.3443458716021937 9.58738019107841e-05 -0.07288326323032379 1.917476038215682e-05 -0.0 -7.190534961409867e-05 -0.005033374764025211 0.0 0.1033367314590555 -0.7192982028689179 0.0539871340917758 2.313016734236754 -0.003018099941933033 0.22090422375123944
4171.152 1.4719841480255127 -0.044326130543844044 0.004819393157958984 -2.343933407460348 -1.3443458716021937 0.000107858024421148 -0.07169442623853683 1.917476038215682e-05 -0.0 -7.190534961409867e-05 -0.0038109836168587208 0.0 0.10290643328940793 -0.7193556751123412 0.05397837150363001 2.3130236680982037 -0.003730077881080731 0.22061191852030684
4171.16 1.4713969230651855 -0.044326130543844044 0.004795074462890625 -2.343933407460348 -1.3443577925311487 8.388957940042019e-05 -0.07543350756168365 1.917476038215682e-05 -0.0 -7.190534961409867e-05 -0.0028762139845639467 0.0 0.10248052125021843 -0.7194188388295606 0.053989094370395396 2.3129713646254078 -0.004383637734137106 0.22028364788215846
4171.168 1.4708340167999268 -0.04428989091982061 0.0048313140869140625 -2.343933407460348 -1.3444412390338343 8.388957940042019e-05 -0.07702501118183136 1.917476038215682e-05 -0.0 -7.190534961409867e-05 -0.0028762139845639467 0.0 0.10205423771371748 -0.7194704066742652 0.0539431808994837 2.3130239490662876 -0.005088084972523227 0.21991277384092106
4171.1759999999995 1.4702467918395996 -0.04430228868593389 0.004806995391845703 -2.343933407460348 -1.3444531599627894 7.190534961409867e-05 -0.07382282614707947 1.917476038215682e-05 -0.0 -7.190534961409867e-05 -0.004793690051883459 0.0 0.10162813674820778 -0.7195342755071279 0.053962652147528156 2.3129597374851905 -0.00575347492485463 0.21958860232931768
4171.184 1.4696723222732544 -0.044314209614888966 0.0048313140869140625 -2.343945328389303 -1.3444770018206995 9.58738019107841e-05 -0.07299831509590149 1.917476038215682e-05 -0.0 -7.190534961409867e-05 -0.004793690051883459 0.0 0.10120849243299898 -0.7195928705230406 0.05396176848591383 2.3129353283769967 -0.006457538858302783 0.21928142420562463
4171.192 1.4690731763839722 -0.044326130543844044 0.004843235015869141 -2.343945328389303 -1.3444770018206995 8.388957940042019e-05 -0.07223132252693176 1.917476038215682e-05 -0.0 -7.190534961409867e-05 -0.003067961661145091 0.0 0.10077737399708121 -0.7196532454586123 0.05396467199753019 2.312904855397211 -0.007136426795189016 0.21897092721178635
4171.2 1.4685102701187134 -0.04427844682802373 0.004806995391845703 -2.343921486531393 -1.344513241444723 8.388957940042019e-05 -0.07338180392980576 1.917476038215682e-05 -0.0 -7.190534961409867e-05 -0.002229065867140889 0.0 0.10036296730651001 -0.7197069656782107 0.05394027101913193 2.3129151417513727 -0.007811271918042141 0.2186485952404587
4171.208 1.4679349660873413 -0.044326130543844044 0.004819393157958984 -2.343957249318258 -1.344525162373678 8.388957940042019e-05 -0.07288326323032379 1.917476038215682e-05 -0.0 -7.190534961409867e-05 -0.0018216022290289402 0.0 0.09994494948254962 -0.719772292323374 0.05397658248027816 2.3128177979650513 -0.008471156855534071 0.2183309947166264
4171.215999999999 1.4673365354537964 -0.044314209614888966 0.004806995391845703 -2.343933407460348 -1.344537083302633 8.388957940042019e-05 -0.07052476704120636 1.917476038215682e-05 -0.0 -7.190534961409867e-05 -0.0018216022290289402 0.0 0.099511318528548 -0.7198295561699966 0.053967448053717657 2.3128116040683806 -0.00917275798903738 0.21801688748874073
4171.224 1.4667493104934692 -0.04428989091982061 0.004819393157958984 -2.343945328389303 -1.3445609251605433 7.190534961409867e-05 -0.0715026780962944 1.917476038215682e-05 -0.0 -7.190534961409867e-05 -0.0018216022290289402 0.0 0.09908252069578648 -0.7198859437023758 0.0539465011338356 2.3128080266342583 -0.009853934605764076 0.21768879991704682
4171.232 1.4661860466003418 -0.04433805147279912 0.004795074462890625 -2.343933407460348 -1.3446090857135218 8.388957940042019e-05 -0.07499248534440994 1.917476038215682e-05 -0.0 -7.190534961409867e-05 -0.0024927188642323017 0.0 0.09866361407426281 -0.7199483666283331 0.053986678951404396 2.312725641616663 -0.010533414655607485 0.2173431470905098
4171.24 1.465611219406128 -0.044314209614888966 0.004819393157958984 -2.343957249318258 -1.3445728460894983 8.388957940042019e-05 -0.08049564063549042 1.917476038215682e-05 -0.0 -7.190534961409867e-05 -0.0024927188642323017 0.0 0.09825959143768856 -0.7200022078915342 0.0539661166564535 2.312715757779797 -0.011183795968205816 0.21709683613540606
4171.248 1.465012788772583 -0.04433805147279912 0.004806995391845703 -2.343921486531393 -1.3445847670184534 8.388957940042019e-05 -0.07936432957649231 1.917476038215682e-05 -0.0 -7.190534961409867e-05 -0.0024927188642323017 0.0 0.09782563651157507 -0.7200605409080673 0.05397924897856937 2.3126855688418932 -0.011881358666194513 0.21677890517986506
4171.255999999999 1.4644135236740112 -0.04430228868593389 0.0048313140869140625 -2.343945328389303 -1.3445728460894983 9.58738019107841e-05 -0.07499248534440994 1.917476038215682e-05 -0.0 -7.190534961409867e-05 -0.0024927188642323017 0.0 0.09739762811960401 -0.7201155172483487 0.05394922764468767 2.3126889229495915 -0.012588044547396473 0.21650007997342086
4171.264 1.463802695274353 -0.044326130543844044 0.004806995391845703 -2.343945328389303 -1.3445847670184534 5.992112710373476e-05 -0.07361190766096115 1.917476038215682e-05 -0.0 -7.190534961409867e-05 -0.0020133499056100845 0.0 0.09695400801355156 -0.720180031816058 0.053976774897737015 2.312609640656061 -0.01325082276002288 0.21614967273439503
4171.272 1.4631794691085815 -0.04433805147279912 0.004867076873779297 -2.343957249318258 -1.3446090857135218 7.190534961409867e-05 -0.07574030011892319 1.917476038215682e-05 -0.0 -7.190534961409867e-05 -0.0016058861510828137 0.0 0.09649923928063156 -0.720236725537515 0.05395934622355107 2.312615403121269 -0.014003176592601033 0.2158169185571058
4171.28 1.4626166820526123 -0.044326130543844044 0.004795074462890625 -2.343933407460348 -1.3445971647845667 7.190534961409867e-05 -0.07551020383834839 1.917476038215682e-05 -0.0 -7.190534961409867e-05 -0.001342233270406723 0.0 0.0960965161234953 -0.7202946006218996 0.05397878042759488 2.312548785113943 -0.014641938435237783 0.21553859022409516
4171.288 1.4619694948196411 -0.04430228868593389 0.004806995391845703 -2.343945328389303 -1.3445971647845667 9.58738019107841e-05 -0.07627719640731812 1.917476038215682e-05 -0.0 -7.190534961409867e-05 -0.0011504855938255787 0.0 0.09563057097537121 -0.7203544238346433 0.053959417220526995 2.312538527931099 -0.015421768457261951 0.2152256923166947
4171.295999999999 1.4613111019134521 -0.04427844682802373 0.004783153533935547 -2.343945328389303 -1.3446090857135218 8.388957940042019e-05 -0.07428301870822906 1.917476038215682e-05 -0.0 -7.190534961409867e-05 -0.0010546118719503284 0.0 0.09515302942525679 -0.7204176783344559 0.053953096804077755 2.3125040897114917 -0.01617509574027351 0.21487107149429527
4171.304 1.460760235786438 -0.04428989091982061 0.0048313140869140625 -2.3439815680133265 -1.344632927571432 9.58738019107841e-05 -0.07445559650659561 1.917476038215682e-05 -0.0 -7.190534961409867e-05 -0.0010546118719503284 0.0 0.09474986664712627 -0.7204704792724929 0.05394691716128518 2.312477939679583 -0.016837854665793385 0.21456969414070182
4171.312 1.4601490497589111 -0.04428989091982061 0.004806995391845703 -2.343933407460348 -1.3446686903582972 0.000107858024421148 -0.07140680402517319 1.917476038215682e-05 -0.0 -7.190534961409867e-05 -0.0010546118719503284 0.0 0.0943003852639595 -0.7205257686268246 0.053944620040786595 2.312472563917825 -0.017579903822056098 0.21422773752604193
4171.32 1.4595621824264526 -0.044314209614888966 0.004843235015869141 -2.343933407460348 -1.3446686903582972 7.190534961409867e-05 -0.06759102642536163 1.917476038215682e-05 -0.0 -7.190534961409867e-05 -0.0010546118719503284 0.0 0.09387777014447313 -0.7205794171367864 0.05394503486849529 2.312450951532634 -0.018218478966091082 0.2139132041631157
4171.3279999999995 1.4589632749557495 -0.04430228868593389 0.004819393157958984 -2.3439696470843714 -1.3447049299823206 8.388957940042019e-05 -0.07090826332569122 1.917476038215682e-05 -0.0 -7.190534961409867e-05 -0.0010546118719503284 0.0 0.09343583715982465 -0.7206417215651907 0.053955105035704526 2.3123754965982473 -0.018935208660683957 0.21356483090078573
4171.336 1.4584124088287354 -0.04430228868593389 0.004819393157958984 -2.343945328389303 -1.3447049299823206 9.58738019107841e-05 -0.0781179741024971 1.917476038215682e-05 -0.0 -7.190534961409867e-05 -0.0017257285071536899 0.0 0.093039205795926 -0.7206902268505285 0.05394904841603469 2.3123694187607393 -0.019589636230195714 0.21329495600672807
4171.344 1.4578611850738525 -0.04428989091982061 0.004819393157958984 -2.343945328389303 -1.3447402159320276 8.388957940042019e-05 -0.08026554435491562 1.917476038215682e-05 -0.0 -7.190534961409867e-05 -0.0017257285071536899 0.0 0.09263270513683847 -0.7207406942165657 0.05393878114864979 2.3123545600707587 -0.020232729131333945 0.21296988575624584
4171.352 1.4572383165359497 -0.044314209614888966 0.004819393157958984 -2.343945328389303 -1.344764534627096 8.388957940042019e-05 -0.07405292242765427 1.917476038215682e-05 -0.0 -7.190534961409867e-05 -0.0017257285071536899 0.0 0.09217704771436634 -0.7208009612024036 0.05395489480223396 2.31229887874529 -0.020960796296326363 0.2126210914804745
4171.36 1.4566271305084229 -0.04433805147279912 0.004819393157958984 -2.343945328389303 -1.344764534627096 8.388957940042019e-05 -0.0703713670372963 1.917476038215682e-05 -0.0 -4.793690095539205e-05 -0.0021092237439006567 0.0 0.09173622790619082 -0.7208594857919645 0.05397171871513877 2.312241449790519 -0.021663154030017364 0.2123064041949377
4171.3679999999995 1.4560166597366333 -0.04430228868593389 0.004806995391845703 -2.343945328389303 -1.344776455556051 8.388957940042019e-05 -0.07305583357810974 1.917476038215682e-05 -0.0 -4.793690095539205e-05 -0.0021092237439006567 0.0 0.09129319637072437 -0.7209133805074481 0.053951698600263095 2.3122313595158146 -0.022378664227110653 0.21198607238397907
4171.376 1.4553818702697754 -0.04428989091982061 0.0048313140869140625 -2.343945328389303 -1.344776455556051 8.388957940042019e-05 -0.07643059641122818 1.917476038215682e-05 -0.0 -4.793690095539205e-05 -0.0021092237439006567 0.0 0.0908360404073939 -0.7209673380298013 0.053931713031308254 2.3122314518118503 -0.023118340144860385 0.21166949430784585
4171.384 1.4547348022460938 -0.044326130543844044 0.0048313140869140625 -2.343945328389303 -1.3447883764850062 8.388957940042019e-05 -0.07654564082622528 1.917476038215682e-05 -0.0 -4.793690095539205e-05 -0.0021092237439006567 0.0 0.09036594374246507 -0.7210296520400329 0.05395677228483445 2.3121606547146403 -0.023866012329301908 0.21132068397631637
4171.392 1.4541239738464355 -0.04428989091982061 0.004759311676025391 -2.343933407460348 -1.3448002974139612 8.388957940042019e-05 -0.07694831490516663 1.917476038215682e-05 -0.0 -4.793690095539205e-05 -0.0020133499056100845 0.0 0.08992186566542473 -0.7210877637677903 0.05396098902698694 2.3121038549754944 -0.02457411553131473 0.2109921490981524
4171.4 1.453500747680664 -0.044314209614888966 0.004843235015869141 -2.3439696470843714 -1.3447883764850062 5.992112710373476e-05 -0.07685244083404541 1.917476038215682e-05 -0.0 -4.793690095539205e-05 -0.0016058861510828137 0.0 0.08947602062050516 -0.7211410185616618 0.05394890859289064 2.31208889453619 -0.025264399999308643 0.21068088108503777
4171.407999999999 1.452854037284851 -0.04430228868593389 0.004806995391845703 -2.343945328389303 -1.34487229982485 7.190534961409867e-05 -0.07786870002746582 1.917476038215682e-05 -0.0 -4.793690095539205e-05 -0.0014860439114272594 0.0 0.08898734084050722 -0.721199727467998 0.05394757479528613 2.312061331369685 -0.026067853657141943 0.21026109204136567
4171.416 1.4522675275802612 -0.04430228868593389 0.004806995391845703 -2.343945328389303 -1.3448484579669397 8.388957940042019e-05 -0.07806044816970825 1.917476038215682e-05 -0.0 -4.793690095539205e-05 -0.0014860439114272594 0.0 0.08857065998752928 -0.7212514940442111 0.05394860046297907 2.312025134032726 -0.026747412226945273 0.2099964902114085
4171.424 1.451608419418335 -0.04428989091982061 0.004819393157958984 -2.3439696470843714 -1.3448603788958948 8.388957940042019e-05 -0.0792684555053711 1.917476038215682e-05 -0.0 -4.793690095539205e-05 -0.0014860439114272594 0.0 0.08809204261486475 -0.7213101642930417 0.05393966710314167 2.311988573516379 -0.027515220668818383 0.20964757939322115
4171.432 1.450973629951477 -0.044314209614888966 0.004806995391845703 -2.343957249318258 -1.3448360602008265 7.190534961409867e-05 -0.08254734426736832 1.917476038215682e-05 -0.0 -4.793690095539205e-05 -0.0014860439114272594 0.0 0.08764032675218268 -0.7213678981369601 0.05396051486519901 2.3119246550922363 -0.02821837635143052 0.2093426780926733
4171.44 1.450278878211975 -0.04430228868593389 0.004819393157958984 -2.343945328389303 -1.3448484579669397 8.388957940042019e-05 -0.08699588477611542 1.917476038215682e-05 -0.0 -4.793690095539205e-05 -0.0014860439114272594 0.0 0.08713635697450026 -0.7214248579612955 0.0539428716568275 2.3119209633478697 -0.029047250521031714 0.20898729850634837
4171.447999999999 1.4496201276779175 -0.04430228868593389 0.004795074462890625 -2.343957249318258 -1.3448603788958948 5.992112710373476e-05 -0.08684249222278595 1.917476038215682e-05 -0.0 -4.793690095539205e-05 -0.0014381069922819734 0.0 0.08665737791108613 -0.7214862827598348 0.05395656514405503 2.3118472424901952 -0.02978065500259723 0.2086200796249351
4171.456 1.4489250183105469 -0.044326130543844044 0.0048313140869140625 -2.3439696470843714 -1.34487229982485 7.190534961409867e-05 -0.0842730700969696 1.917476038215682e-05 -0.0 -4.793690095539205e-05 -0.001270327833481133 0.0 0.08615276117427131 -0.7215463263243105 0.05395921831135933 2.311807622508342 -0.030603533673890775 0.2082589408954945
4171.464 1.4482543468475342 -0.044326130543844044 0.004795074462890625 -2.343945328389303 -1.344884220753805 8.388957940042019e-05 -0.08333350718021393 1.917476038215682e-05 -0.0 -4.793690095539205e-05 -0.001270327833481133 0.0 0.08566549108049387 -0.7216051622174102 0.05396939457587971 2.3117575955514 -0.03139616753658625 0.20790808956382148
4171.472 1.4475599527359009 -0.044314209614888966 0.0048313140869140625 -2.343945328389303 -1.3449199835406702 5.992112710373476e-05 -0.08588375151157379 1.917476038215682e-05 -0.0 -4.793690095539205e-05 -0.001270327833481133 0.0 0.08515560127466369 -0.7216597889785277 0.05394269843366774 2.31176621073784 -0.03219681829906607 0.20750967136071252
4171.48 1.446865200996399 -0.04428989091982061 0.004819393157958984 -2.343933407460348 -1.3449199835406702 0.000107858024421148 -0.08774369955062866 1.917476038215682e-05 -0.0 -4.793690095539205e-05 -0.001270327833481133 0.0 0.08465450176226336 -0.7217163059595444 0.053928077437965724 2.311749342141541 -0.0330590327403814 0.2071848172583973
4171.487999999999 1.4461824893951416 -0.04428989091982061 0.0048313140869140625 -2.343933407460348 -1.3449319044696253 7.190534961409867e-05 -0.08720681071281433 1.917476038215682e-05 -0.0 -4.793690095539205e-05 -0.001270327833481133 0.0 0.08415878017833489 -0.7217727701316259 0.05392205626307854 2.31171987251621 -0.03381415911867928 0.2068075753791958
4171.496 1.4454997777938843 -0.044326130543844044 0.004783153533935547 -2.3439696470843714 -1.34489614168276 7.190534961409867e-05 -0.08103253692388535 1.917476038215682e-05 -0.0 -4.793690095539205e-05 -0.001270327833481133 0.0 0.08367371066839066 -0.7218426688434563 0.05398044737649166 2.311556483683501 -0.034564392523955725 0.20648077686938648
4171.504 1.4448646306991577 -0.044326130543844044 0.004806995391845703 -2.343921486531393 -1.3449080626117151 8.388957940042019e-05 -0.07581700384616852 1.917476038215682e-05 -0.0 -4.793690095539205e-05 -0.001270327833481133 0.0 0.08321321782115106 -0.7218875640772038 0.05395692244403073 2.3115894773843197 -0.03532993831135074 0.2061625306314012
4171.512 1.4442538022994995 -0.044326130543844044 0.004806995391845703 -2.343933407460348 -1.34489614168276 4.793690095539205e-05 -0.06757185608148575 1.917476038215682e-05 -0.0 -4.793690095539205e-05 -0.0011025487910956144 0.0 0.08277522031837624 -0.7219395306277808 0.0539604042283488 2.311537959150587 -0.03598593946786684 0.20584520727934572
4171.5199999999995 1.443666934967041 -0.04428989091982061 0.004806995391845703 -2.343933407460348 -1.34489614168276 7.190534961409867e-05 -0.06335340440273285 1.917476038215682e-05 -0.0 -4.793690095539205e-05 -0.0009587380336597562 0.0 0.08235196303730814 -0.7219844599291046 0.05393483173747925 2.3115376228685403 -0.0366978450831685 0.2055650678884877
4171.528 1.4431520700454712 -0.044326130543844044 0.0048313140869140625 -2.343945328389303 -1.344884220753805 0.000107858024421148 -0.06598035246133804 1.917476038215682e-05 -0.0 -4.793690095539205e-05 -0.0008628642535768449 0.0 0.08198313877561222 -0.72202892706808 0.05395264868296226 2.3114819380300866 -0.03732392477806765 0.20533115463151286
4171.536 1.4426246881484985 -0.04433805147279912 0.004771232604980469 -2.343957249318258 -1.3449080626117151 8.388957940042019e-05 -0.07140680402517319 1.917476038215682e-05 -0.0 -4.793690095539205e-05 -0.0007669904152862728 0.0 0.08159471195677048 -0.7220813727852287 0.05399076748608256 2.3113691665431126 -0.03790309778990173 0.20500845846948737
4171.544 1.4421817064285278 -0.044326130543844044 0.004795074462890625 -2.343957249318258 -1.344884220753805 8.388957940042019e-05 -0.06655558943748474 1.917476038215682e-05 -0.0 -4.793690095539205e-05 -0.0007190534961409867 0.0 0.08128169068221133 -0.7221134664025021 0.05397236366008733 2.3113736929544375 -0.038408831124484955 0.2048168513455141
4171.552 1.4416307210922241 -0.04433805147279912 0.0048313140869140625 -2.343921486531393 -1.344884220753805 7.190534961409867e-05 -0.05514661222696304 1.917476038215682e-05 -0.0 -4.793690095539205e-05 -0.0006471481756307185 0.0 0.08088483920591205 -0.7221511814942491 0.053955122644154946 2.3113974108761037 -0.03904140448654093 0.20454101483482226
4171.5599999999995 1.4411873817443848 -0.044314209614888966 0.004759311676025391 -2.343957249318258 -1.344884220753805 7.190534961409867e-05 -0.05077476426959038 1.917476038215682e-05 -0.0 -4.793690095539205e-05 -0.0005992112564854324 0.0 0.08056320680345153 -0.7221966471955243 0.05398047729637144 2.3112875511861097 -0.039539346368673775 0.2043006265320083
4171.568 1.4407563209533691 -0.044326130543844044 0.004806995391845703 -2.343957249318258 -1.3449080626117151 9.58738019107841e-05 -0.051484230905771255 1.917476038215682e-05 -0.0 -4.793690095539205e-05 -0.0005512743955478072 0.0 0.0802461828411287 -0.7222275268656098 0.053965829633134954 2.3112983569304664 -0.04008297665616705 0.2040722874797063
4171.576 1.4403607845306396 -0.04433805147279912 0.004759311676025391 -2.343945328389303 -1.3449080626117151 9.58738019107841e-05 -0.053881075233221054 1.917476038215682e-05 -0.0 -4.793690095539205e-05 -0.0005273059359751642 0.0 0.07995979021157022 -0.7222641400404659 0.05399330694705466 2.3112267335160226 -0.04053153013682609 0.2038626729542863
4171.584 1.439929723739624 -0.044314209614888966 0.004806995391845703 -2.343957249318258 -1.3449080626117151 0.000107858024421148 -0.05284563824534416 1.917476038215682e-05 -0.0 -4.793690095539205e-05 -0.0004793690168298781 0.0 0.0796493131731627 -0.722292452750497 0.053957417575471914 2.3112576917743697 -0.04105355062756309 0.20365987143503206
4171.592 1.4395462274551392 -0.044326130543844044 0.004806995391845703 -2.343933407460348 -1.34487229982485 8.388957940042019e-05 -0.04843544587492943 1.917476038215682e-05 -0.0 -4.793690095539205e-05 -0.00045540055725723505 0.0 0.07938205970844146 -0.7223209794718021 0.05396142978126488 2.3112403423517525 -0.04145257508817514 0.2034959965261201
4171.599999999999 1.4391990900039673 -0.044326130543844044 0.004806995391845703 -2.3439934889422815 -1.344884220753805 7.190534961409867e-05 -0.04502233862876892 1.917476038215682e-05 -0.0 -4.793690095539205e-05 -0.00043143212678842247 0.0 0.07912712146812231 -0.7223556391697051 0.05397588117811988 2.3111605403627964 -0.04183549477473691 0.20328887854378336
4171.608 1.438827633857727 -0.044326130543844044 0.004806995391845703 -2.343957249318258 -1.344884220753805 8.388957940042019e-05 -0.04471554234623909 1.917476038215682e-05 -0.0 -4.793690095539205e-05 -0.0004074636672157794 0.0 0.07885941212348922 -0.7223807371131755 0.05396685510997812 2.3111723161296736 -0.042284421121090474 0.20311237137176727
4171.616 1.438456416130066 -0.0443499724017542 0.004795074462890625 -2.3439696470843714 -1.34487229982485 0.000107858024421148 -0.04611529782414436 1.917476038215682e-05 -0.0 -4.793690095539205e-05 -0.0003834952076431364 0.0 0.07859370122107662 -0.7224149142640193 0.05399278847530012 2.3111006539170966 -0.04272643856290616 0.2029409888688105
4171.624 1.4381089210510254 -0.044314209614888966 0.0048313140869140625 -2.3439934889422815 -1.344884220753805 5.992112710373476e-05 -0.0436801053583622 1.917476038215682e-05 -0.0 -4.793690095539205e-05 -0.00035952674807049334 0.0 0.07834013580289526 -0.7224376787794832 0.05395623161532159 2.3111254581645033 -0.04308682471084091 0.2027344190488596
4171.632 1.4377857446670532 -0.044314209614888966 0.004795074462890625 -2.3439815680133265 -1.344884220753805 5.992112710373476e-05 -0.039806801825761795 1.917476038215682e-05 -0.0 -4.793690095539205e-05 -0.00035952674807049334 0.0 0.07810626504903811 -0.7224654888577151 0.053970008548960266 2.311080842950519 -0.04345578899182396 0.20256565189291875
4171.639999999999 1.4374744892120361 -0.04428989091982061 0.004819393157958984 -2.343945328389303 -1.34487229982485 7.190534961409867e-05 -0.03760170564055443 1.917476038215682e-05 -0.0 -4.793690095539205e-05 -0.00033555831760168076 0.0 0.07788589092842908 -0.7224804192375565 0.053933097519189774 2.3111423724711484 -0.04383768171504567 0.20244212044108734
4171.648 1.43718683719635 -0.044314209614888966 0.004783153533935547 -2.343957249318258 -1.344884220753805 8.388957940042019e-05 -0.03647039458155632 1.917476038215682e-05 -0.0 -4.793690095539205e-05 -0.0003115898580290377 0.0 0.07767378432581079 -0.7225105814255182 0.05396946014944512 2.311054571614554 -0.04417713861508526 0.2022752774869412
4171.656 1.4368752241134644 -0.04433805147279912 0.004783153533935547 -2.343957249318258 -1.344884220753805 7.190534961409867e-05 -0.03591432422399521 1.917476038215682e-05 -0.0 -4.793690095539205e-05 -0.0003115898580290377 0.0 0.0774483319034712 -0.7225370664951167 0.05398628431601034 2.3110107852791133 -0.04451886815852502 0.20210643785933408
4171.664 1.4366116523742676 -0.044326130543844044 0.004843235015869141 -2.343945328389303 -1.34489614168276 7.190534961409867e-05 -0.03311480954289436 1.917476038215682e-05 -0.0 -4.793690095539205e-05 -0.00028762139845639467 0.0 0.0772560816458358 -0.7225484937331217 0.0539466274205114 2.3110767267592633 -0.04484375008008677 0.20197343463399925
4171.672 1.4363603591918945 -0.044314209614888966 0.0048313140869140625 -2.3439696470843714 -1.34489614168276 9.58738019107841e-05 -0.029260683804750443 1.917476038215682e-05 -0.0 -4.793690095539205e-05 -0.00028762139845639467 0.0 0.07707403968229695 -0.7225708655569255 0.053949780733613575 2.3110370636669413 -0.04515755932247442 0.20185338735905292
4171.679999999999 1.4361566305160522 -0.0443499724017542 0.004795074462890625 -2.343945328389303 -1.344884220753805 9.58738019107841e-05 -0.02594345062971115 1.917476038215682e-05 -0.0 -4.793690095539205e-05 -0.0002636529679875821 0.0 0.07692935419533875 -0.7225910049880184 0.05398621870551569 2.3109759288479403 -0.04537828407825716 0.2017550970164451
4171.688 1.435941219329834 -0.04433805147279912 0.004795074462890625 -2.3439696470843714 -1.344884220753805 8.388957940042019e-05 -0.02335485816001892 1.917476038215682e-05 -0.0 -4.793690095539205e-05 -0.0002636529679875821 0.0 0.07677342778845221 -0.722609248886915 0.05398386361767209 2.310949462746828 -0.045611132830534466 0.20163712403553558
4171.696 1.4357610940933228 -0.044314209614888966 0.004843235015869141 -2.343945328389303 -1.34487229982485 8.388957940042019e-05 -0.019903400912880898 1.917476038215682e-05 -0.0 -4.793690095539205e-05 -0.0002636529679875821 0.0 0.07664796716515887 -0.722612588183203 0.05393924102429891 2.311030219483143 -0.04582981633560212 0.20157632357756763
4171.704 1.4356656074523926 -0.04436189333070928 0.0048313140869140625 -2.3439815680133265 -1.344884220753805 8.388957940042019e-05 -0.01637524552643299 1.917476038215682e-05 -0.0 -4.793690095539205e-05 -0.00023968450841493905 0.0 0.07657435467795892 -0.72263016767277 0.05398691082240051 2.3109318181223024 -0.04592936413290353 0.20149701798546793
4171.7119999999995 1.4355937242507935 -0.0443499724017542 0.004806995391845703 -2.3439696470843714 -1.3448603788958948 8.388957940042019e-05 -0.010526943020522594 0.0 -0.0 -4.793690095539205e-05 -0.00023968450841493905 0.0 0.07652869453743977 -0.7226355546380409 0.05398779266620833 2.3109239962739783 -0.04600025925375487 0.2014878439314015
4171.72 1.4355337619781494 -0.04433805147279912 0.0048313140869140625 -2.343957249318258 -1.3448603788958948 8.388957940042019e-05 -0.0070946612395346165 0.0 -0.0 -4.793690095539205e-05 -0.00023968450841493905 0.0 0.0764861408871319 -0.7226348994218402 0.05396505533559663 2.310967464579343 -0.046077943086703335 0.20146596937664799
4171.728 1.4355098009109497 -0.04433805147279912 0.004806995391845703 -2.3439815680133265 -1.34489614168276 8.388957940042019e-05 -0.0027228158432990313 0.0 -0.0 -4.793690095539205e-05 -0.00021571606339421123 0.0 0.07645849999880969 -0.7226425053096988 0.053980811420771546 2.3109224136447657 -0.04611531273561642 0.20140379667577404
4171.736 1.435545802116394 -0.0443499724017542 0.004783153533935547 -2.3439696470843714 -1.344884220753805 5.992112710373476e-05 -0.0016873788554221392 0.0 -0.0 -4.793690095539205e-05 -0.00016777915880084038 0.0 0.07648733640460609 -0.7226419983712017 0.05399778433806786 2.310899758927259 -0.04603578471324472 0.2014194697018191
4171.744 1.4355697631835938 -0.04437381425966436 0.004759311676025391 -2.3439815680133265 -1.3448603788958948 0.000107858024421148 -0.001208009896799922 0.0 -0.0 -4.793690095539205e-05 -0.00016777915880084038 0.0 0.07651006632579166 -0.7226462609555272 0.05402962065053506 2.3108415481581495 -0.04604109739252382 0.2014730335888293
4171.7519999999995 1.4356416463851929 -0.04436189333070928 0.004735469818115234 -2.3440173308001917 -1.34489614168276 8.388957940042019e-05 -0.0009587380336597562 0.0 -0.0 -4.793690095539205e-05 -0.00016777915880084038 0.0 0.07655164939516423 -0.7226466627888544 0.05403959559844819 2.310803251988729 -0.045940354976870997 0.20144757978928537
4171.76 1.4357012510299683 -0.04438621202577764 0.004639625549316406 -2.3440054098712366 -1.3448484579669397 7.190534961409867e-05 -0.0007861651829443872 0.0 -0.009635317139327526 -4.793690095539205e-05 -0.00016777915880084038 0.0 0.07660567574210216 -0.722653041568854 0.05410012907190752 2.310696160735597 -0.045814691639449144 0.20150764769737317
4171.768 1.4357610940933228 -0.04436189333070928 0.004567623138427734 -2.3440054098712366 -1.3448484579669397 9.58738019107841e-05 -0.0006519418675452471 0.0 -0.014069480821490288 -4.793690095539205e-05 -0.00016777915880084038 0.0 0.07664803366081577 -0.7226538860331763 0.054116241603073045 2.310654083032549 -0.04576517213134594 0.20154173023023716
4171.776 1.4357610940933228 -0.04436189333070928 0.0044956207275390625 -2.3440054098712366 -1.34487229982485 9.58738019107841e-05 -0.0004793690168298781 0.0 -0.014069480821490288 -4.793690095539205e-05 -0.00016777915880084038 0.0 0.07664050376530823 -0.7226618702523327 0.054148490733354204 2.310586522692226 -0.045764744964176395 0.20150136097116658
4171.784 1.4358329772949219 -0.04438621202577764 0.004364013671875 -2.3440054098712366 -1.3448122183429163 9.58738019107841e-05 -0.0004793690168298781 0.0 -0.014524880796670914 -4.793690095539205e-05 -0.00016777915880084038 0.0 0.0767058950602112 -0.7226724436488091 0.054229056999129 2.3104326140051326 -0.04562428446124019 0.20157959933113037
4171.7919999999995 1.4358693361282349 -0.04438621202577764 0.004171848297119141 -2.3440173308001917 -1.3448241392718714 8.388957940042019e-05 0.0019558256026357412 0.0 -0.016586167737841606 -4.793690095539205e-05 -0.00016777915880084038 0.0 0.0767255996122822 -0.722691903930367 0.05432032536935824 2.3102371166887674 -0.045539179447209276 0.20154185855428483
4171.8 1.4358932971954346 -0.04438621202577764 0.0040760040283203125 -2.34404164949526 -1.3448484579669397 9.58738019107841e-05 0.0033939324785023928 0.0 -0.01601092517375946 -4.793690095539205e-05 -0.00016777915880084038 0.0 0.0767344425668772 -0.7227034561337294 0.054369636291581605 2.3101244589501393 -0.04551693464977971 0.2015106684945188
4171.808 1.4359772205352783 -0.044398132954732716 0.003968238830566406 -2.344053570424215 -1.3448002974139612 0.00011984225420746952 0.0033747577108442783 0.0 -0.012104067951440811 -2.3968450477696024e-05 -0.00016777915880084038 0.0 0.07680572811639623 -0.7227107838643937 0.05443289811369463 2.309996826945335 -0.045400628721174126 0.2015977963578777
4171.816 1.4359532594680786 -0.04442197481264287 0.003848552703857422 -2.3440898100482386 -1.3448241392718714 9.58738019107841e-05 0.0027419906109571457 0.0 -0.008796421810984612 -2.3968450477696024e-05 -0.00016777915880084038 0.0 0.07677915799710605 -0.7227322656214281 0.05451305075473778 2.3098221445770877 -0.045381509772780305 0.2015138948365387
4171.824 1.4359772205352783 -0.04444581667055303 0.003764629364013672 -2.3440898100482386 -1.3447883764850062 8.388957940042019e-05 0.0026269422378391027 0.0 -0.0076219672337174416 0.0 -0.00016777915880084038 0.0 0.07680427106503941 -0.7227414723589027 0.05457020617313223 2.3097144751267376 -0.04530315961561176 0.2015421423946678
4171.831999999999 1.4359532594680786 -0.044493977223531544 0.0037164688110351562 -2.344125572835104 -1.3448002974139612 7.190534961409867e-05 0.0016490294365212321 0.0 -0.005680522881448269 0.0 -0.00016777915880084038 0.0 0.07678175152861977 -0.7227574225901374 0.054634859958772805 2.309585208374475 -0.04530000425017908 0.20148667712349214
4171.84 1.4359053373336792 -0.044493977223531544 0.003680706024169922 -2.344149414693014 -1.3447883764850062 9.58738019107841e-05 0.0011888351291418076 0.0 -0.005225122440606356 -0.004410195164382458 -0.00016777915880084038 0.0 0.07674927192416853 -0.7227676348808987 0.054657845543903974 2.3095231255947843 -0.04536672835341026 0.20147760387550478
4171.848 1.435941219329834 -0.04452974001039678 0.0036687850952148438 -2.344233814870016 -1.3447883764850062 7.190534961409867e-05 0.0009395632660016418 0.0 -0.005225122440606356 -0.009108011610805988 -0.00016777915880084038 0.0 0.07677308420356668 -0.7227794608615078 0.05470963433254432 2.3093962015168263 -0.04527484687911432 0.2014602431070666
4171.856 1.4359172582626343 -0.04454166093935186 0.003620624542236328 -2.3443058172809046 -1.3448002974139612 9.58738019107841e-05 0.0007669904152862728 -0.0019558256026357412 -0.003906857687979937 -0.00711862975731492 -0.00016777915880084038 0.0 0.0767503984660469 -0.7227961306087274 0.05475774703991905 2.3092676412682747 -0.04531351789789657 0.2014229840487019
4171.864 1.4358813762664795 -0.04454166093935186 0.0035963058471679688 -2.344353500996725 -1.3448002974139612 5.992112710373476e-05 0.0006519418675452471 -0.0019558256026357412 -0.002636529505252838 -0.00711862975731492 -0.00016777915880084038 0.0 0.07672323095214417 -0.7228070613106883 0.05478087539161938 2.3091943629324585 -0.04530105745202154 0.20137353231583613
4171.871999999999 1.435929298400879 -0.044577900563375294 0.0035605430603027344 -2.3444135824786585 -1.3448002974139612 0.00011984225420746952 0.0005752427969127893 -0.0016490294365212321 -0.002277002902701497 -0.0055367122404277325 -0.00016777915880084038 0.0 0.07675577011928467 -0.7228177251669761 0.05483796573541293 2.3090699184645334 -0.04529214797524635 0.20140508004835228
4171.88 1.4358932971954346 -0.04462558427919561 0.0035486221313476562 -2.3444860617267054 -1.3448002974139612 0.000107858024421148 0.0004985437844879925 -0.0013614079216495156 -0.002277002902701497 -0.006495450157672167 -0.00016777915880084038 0.0 0.07672768241629649 -0.722834807829239 0.054895204532358355 2.308938538992565 -0.04529696403139537 0.2013572248866794
4171.888 1.4359053373336792 -0.04467374483217412 0.0034885406494140625 -2.344558064137594 -1.3448002974139612 9.58738019107841e-05 0.0004410194815136492 -0.004352670628577471 -0.002277002902701497 -0.008868326433002949 -0.00016777915880084038 0.0 0.07673352576925668 -0.722853361055306 0.05497492941375995 2.308763349789819 -0.04523802142789705 0.20132528051455847
4171.896 1.4359053373336792 -0.04470950761903936 0.0034885406494140625 -2.3446782271014612 -1.3448002974139612 9.58738019107841e-05 0.0004026699753012508 -0.009127185679972172 -0.003043993143364787 -0.014045512303709984 -0.00016777915880084038 0.0 0.07673098388336669 -0.7228707965288967 0.055030135753781864 2.3086113033213578 -0.045211228271779653 0.20129760342516337
4171.9039999999995 1.4359053373336792 -0.04479343095888311 0.003440380096435547 -2.3448107878314417 -1.344764534627096 4.793690095539205e-05 0.00036432043998502195 -0.01395922526717186 -0.003043993143364787 -0.0177606213837862 -0.00016777915880084038 0.0 0.07673631225507861 -0.7228991573841083 0.05514623827318879 2.3083483685047486 -0.045091958744242634 0.20126750239750293
4171.912 1.4359532594680786 -0.04492503801454717 0.0033926963806152344 -2.3450029532061976 -1.3447521368609827 8.388957940042019e-05 0.0003451456723269075 -0.01792840100824833 -0.003882888937368989 -0.023033680394291878 -0.00016777915880084038 0.0 0.07676845409928233 -0.7229354659409191 0.055309654941565214 2.3079886753096424 -0.04500761916049957 0.20125881068303328
4171.92 1.4359532594680786 -0.04510528246034795 0.0033206939697265625 -2.3452308813678187 -1.344764534627096 8.388957940042019e-05 0.0003067961661145091 -0.021168936043977737 -0.003882888937368989 -0.027156254276633263 -0.00016777915880084038 0.0 0.07675773974112504 -0.7229870254643675 0.05552653160008138 2.3075218603507968 -0.044930660875491 0.2011595203308857
4171.928 1.4359651803970337 -0.045308891926900685 0.003284931182861328 -2.3454468886004847 -1.344776455556051 4.793690095539205e-05 0.00028762139845639467 -0.02532985806465149 -0.004002731293439865 -0.03508981317281723 -0.00016777915880084038 0.0 0.07675628943933056 -0.7230345631393755 0.05574021637320585 2.307079216970552 -0.044802377105814355 0.2010530116054338
4171.936 1.4359532594680786 -0.045501057301656544 0.0031890869140625 -2.345794979725973 -1.3447521368609827 9.58738019107841e-05 0.00026844663079828024 -0.028263596817851067 -0.007214503828436136 -0.04261590540409088 -0.00016777915880084038 0.0 0.07674410527170547 -0.72310417999373 0.05600815677287187 2.3064564989869476 -0.04474925973504073 0.2009867301647999
4171.9439999999995 1.4359532594680786 -0.04577666917909795 0.003117084503173828 -2.3461430708514612 -1.344776455556051 7.190534961409867e-05 0.00024927189224399626 -0.03025777079164982 -0.013470269739627838 -0.05071724206209183 -0.00016777915880084038 0.0 0.07672698743791867 -0.7231785476597188 0.056321961260801814 2.305780337364512 -0.04461340238264416 0.20082340320808537
4171.952 1.4359532594680786 -0.04595643678774053 0.0029249191284179688 -2.3465755621539515 -1.3447402159320276 0.000107858024421148 0.00024927189224399626 -0.031216509640216827 -0.027348002418875694 -0.05313805490732193 -0.00016777915880084038 0.0 0.07672374782976796 -0.7232656761462734 0.05664740430923336 2.3049927044486713 -0.044497893285460985 0.20074085034586903
4171.96 1.4359651803970337 -0.046232048665181935 0.002613544464111328 -2.3470080534564417 -1.3447521368609827 7.190534961409867e-05 0.00023009712458588183 -0.03025777079164982 -0.05601426959037781 -0.05373726785182953 -0.00016777915880084038 0.0 0.07671323074965436 -0.7233737272344916 0.05709374569985887 2.3040000022905316 -0.044272618410547214 0.2005341623392802
4171.968 1.4359532594680786 -0.04643565813173467 0.002086162567138672 -2.34737998643984 -1.3447402159320276 0.000107858024421148 0.0002109223569277674 -0.022396119311451912 -0.07950334995985031 -0.04884770140051842 -0.00016777915880084038 0.0 0.07669026279489906 -0.7234920866306995 0.05757522099981252 2.30292325013852 -0.04413138669830431 0.20036450351587287
4171.976 1.4359651803970337 -0.04660350481142217 0.0013904571533203125 -2.347800079976217 -1.344764534627096 8.388957940042019e-05 0.0002109223569277674 -0.01564660482108593 -0.0933091789484024 -0.05107676982879639 -0.00016777915880084038 0.0 0.07667186962800339 -0.7236283426771802 0.05812001873073913 2.301674539298191 -0.04388132483636513 0.20010243066452366
4171.9839999999995 1.435941219329834 -0.04665118852724248 0.0005278587341308594 -2.348184410725729 -1.344764534627096 8.388957940042019e-05 0.0001917476038215682 -0.008973787538707256 -0.12851883471012115 -0.05253884568810463 -0.00016777915880084038 0.0 0.07663343506736044 -0.7237687567769024 0.05864947069667477 2.300410636143086 -0.04368644788578934 0.19985994089362916
4171.992 1.4359651803970337 -0.04672366777528936 -0.0005753676043909195 -2.348640743886129 -1.3447402159320276 8.388957940042019e-05 0.0001917476038215682 -0.006691991351544857 -0.1263856440782547 -0.04959072545170784 -0.00016777915880084038 0.0 0.07663083434285953 -0.7239401205577067 0.05932722590615923 2.298818112577877 -0.04336610630187022 0.19961015337906757
4172.0 1.4359651803970337 -0.04679567018617803 -0.0017021338092249039 -2.3490012327777308 -1.3447402159320276 9.58738019107841e-05 0.00017257283616345376 -0.005234709475189447 -0.16044481098651886 -0.05637379735708237 -0.00016777915880084038 0.0 0.07660581943834537 -0.7241040726154054 0.0599907874244532 2.297297911559473 -0.0431119093802725 0.19933931258304768
4172.008 1.435929298400879 -0.04678374925722295 -0.0031054655658167007 -2.3494094053851526 -1.3447282950030726 8.388957940042019e-05 0.00017257283616345376 -0.0054456316865980625 -0.20210197567939758 -0.043071307241916656 -0.00016777915880084038 0.0 0.07655391781293414 -0.724295837542729 0.060735991698943906 2.2955392609914145 -0.042824533113731605 0.1990083925153084
4172.016 1.4359532594680786 -0.04678374925722295 -0.00474721590151006 -2.3497336546527308 -1.3447521368609827 5.992112710373476e-05 0.00017257283616345376 -0.0024351945612579584 -0.1985546499490738 -0.03592870756983757 -0.00016777915880084038 0.0 0.07653354422518721 -0.724497917467687 0.06157802353436731 2.2936257422500836 -0.0424443776411862 0.19863171977877683
4172.023999999999 1.436001181602478 -0.046759907399312794 -0.006330315266744435 -2.349950138722555 -1.3447402159320276 9.58738019107841e-05 0.00015339808305725455 -0.0015723303658887744 -0.2124084085226059 -0.02847451902925968 -0.00016777915880084038 0.0 0.0765432527950469 -0.7246762053498035 0.06235079037173523 2.2918965847276658 -0.04211998412986595 0.1983733471815131
4172.032 1.435941219329834 -0.04680759111513311 -0.008080307637349904 -2.350142304097311 -1.344764534627096 9.58738019107841e-05 0.00015339808305725455 -0.0011504855938255787 -0.2058650255203247 -0.018503643572330475 -0.00016777915880084038 0.0 0.07646231285683307 -0.7248820089925091 0.06324438444550468 2.2899550158560733 -0.04185951212774001 0.1979613557497433
4172.04 1.4359651803970337 -0.046819512044088185 -0.009830776845113576 -2.3502381483661097 -1.3447402159320276 7.190534961409867e-05 0.00015339808305725455 -0.0009203884983435273 -0.23330889642238617 -0.017113473266363144 -0.00016777915880084038 0.0 0.07645735149974074 -0.7250654928149963 0.06409107909248878 2.288141286229499 -0.041473221848335934 0.19765945926154718
4172.048 1.4359772205352783 -0.04685527483095342 -0.011761013661519826 -2.3503220717059534 -1.3447282950030726 8.388957940042019e-05 0.00013422331539914012 -0.0007478156476281583 -0.24174579977989197 -0.012918994762003422 -0.00016777915880084038 0.0 0.07643784611168165 -0.7252668359759109 0.06503503992955702 2.2861419127572167 -0.04111531532889551 0.19732207254226292
4172.056 1.4359772205352783 -0.046819512044088185 -0.013787094746724904 -2.350346390401022 -1.3447163740741175 5.992112710373476e-05 0.00013422331539914012 -0.0006327670998871326 -0.2706277668476105 -0.006591323763132095 -0.00016777915880084038 0.0 0.07641020201497613 -0.7254638641051937 0.06595827565352326 2.2841754143851607 -0.04073651987575665 0.1969658646536741
4172.063999999999 1.4359651803970337 -0.04680759111513311 -0.01592141786684209 -2.350394074116842 -1.3447402159320276 0.000107858024421148 0.00013422331539914012 -0.0005560680292546749 -0.27220970392227173 -0.005632585845887661 -0.00016777915880084038 0.0 0.07636229702414218 -0.7256752737609811 0.06695356876184516 2.282061832710251 -0.04044571934662895 0.1965727598409137
4172.072 1.435941219329834 -0.04680759111513311 -0.018211189900533498 -2.350382153187887 -1.3447402159320276 8.388957940042019e-05 0.00013422331539914012 -0.0004985437844879925 -0.2731444537639618 -0.0033076461404561996 -0.00016777915880084038 0.0 0.07631088708051734 -0.7258944954360046 0.068016060203295 2.2798383348233613 -0.04005562919191941 0.1961441920882822
4172.08 1.435941219329834 -0.04679567018617803 -0.020417038594381154 -2.350382153187887 -1.3447282950030726 5.992112710373476e-05 0.00011504856229294091 -0.0004410194815136492 -0.28618329763412476 -0.0023489082232117653 -0.00016777915880084038 0.0 0.07628152954837061 -0.726101796974092 0.06903502643611682 2.2776968149800676 -0.03964683476340363 0.19575667721886855
4172.088 1.4359772205352783 -0.04683143297304326 -0.022670571004049123 -2.350394074116842 -1.3447282950030726 7.190534961409867e-05 0.00011504856229294091 -0.0004026699753012508 -0.2871180772781372 -0.0018455707468092442 -0.00016777915880084038 0.0 0.07627405466682344 -0.7263138364075581 0.07011301346458727 2.2754547802774967 -0.039226069806597985 0.19537469128088117
4172.096 1.4359172582626343 -0.04679567018617803 -0.02505666414369756 -2.350405995045797 -1.3447402159320276 0.00011984225420746952 0.00011504856229294091 -0.00036432043998502195 -0.30547791719436646 -0.0014860439114272594 0.00016777915880084038 0.0 0.07619287818013308 -0.7265373247002449 0.07120203563864996 2.273149366584299 -0.03895173896622234 0.19493683828704106
4172.103999999999 1.435929298400879 -0.04680759111513311 -0.027514282857076466 -2.350382153187887 -1.3446930090533655 9.58738019107841e-05 0.00011504856229294091 -0.0003451456723269075 -0.32235169410705566 -0.001270327833481133 0.00016777915880084038 0.0 0.07617911646152356 -0.7267586017058767 0.07235214296397664 2.270759096764004 -0.0384685965975738 0.1945517514462608
4172.112 1.435941219329834 -0.046819512044088185 -0.030103985463277638 -2.3504179159747522 -1.3447163740741175 8.388957940042019e-05 0.00011504856229294091 -0.0003067961661145091 -0.3292545974254608 -0.0010785802733153105 0.00016777915880084038 0.0 0.07614408334099385 -0.7269959546588547 0.07357665035699254 2.2681894012488963 -0.03800412049420497 0.19405915220149791
4172.12 1.435941219329834 -0.046819512044088185 -0.032633606587545216 -2.350405995045797 -1.3447163740741175 5.992112710373476e-05 9.58738019107841e-05 -0.00028762139845639467 -0.3339763879776001 -0.0009587380336597562 0.00016777915880084038 0.0 0.07610874157489861 -0.727219558996771 0.07475411519822849 2.265732952832762 -0.03754810361677228 0.19360175318433692
4172.128 1.4359532594680786 -0.046819512044088185 -0.035271469746724904 -2.350394074116842 -1.3447049299823206 8.388957940042019e-05 9.58738019107841e-05 -0.00026844663079828024 -0.3358459174633026 -0.0008628642535768449 0.00016777915880084038 0.0 0.07608410470753361 -0.7274486142965907 0.07598316297068147 2.263171363080499 -0.03710876277656999 0.1931702322113086
4172.1359999999995 1.4359891414642334 -0.04683143297304326 -0.03807670274843389 -2.350394074116842 -1.3447402159320276 8.388957940042019e-05 9.58738019107841e-05 -0.00024927189224399626 -0.3612285256385803 -0.0007669904152862728 0.00016777915880084038 0.0 0.07606225491889018 -0.7276896278207335 0.07730062769164606 2.2604288584063066 -0.036607963971222374 0.19265247737406999
4172.144 1.4359772205352783 -0.046819512044088185 -0.04107410112489873 -2.350394074116842 -1.3446686903582972 8.388957940042019e-05 9.58738019107841e-05 -0.00023009712458588183 -0.375034362077713 -0.0006950850947760046 0.00016777915880084038 0.0 0.07603215503106492 -0.7279439785318523 0.07869601089024957 2.257508167708865 -0.03607671262914166 0.19220046815198355
4172.152 1.4359651803970337 -0.04680759111513311 -0.04409534135927373 -2.350394074116842 -1.3446806112872522 7.190534961409867e-05 9.58738019107841e-05 -0.00023009712458588183 -0.38912779092788696 -0.0006471481756307185 0.00016777915880084038 0.0 0.07598003013300016 -0.7281970615611648 0.08009991474691135 2.2545724870738386 -0.03557272135796894 0.191643842395003
4172.16 1.435941219329834 -0.04679567018617803 -0.047236267720357716 -2.3504179159747522 -1.3446930090533655 7.190534961409867e-05 9.58738019107841e-05 -0.0002109223569277674 -0.3941851556301117 -0.0005992112564854324 0.00016777915880084038 0.0 0.07591772866380898 -0.7284590509411343 0.08156667904109709 2.2514962685592974 -0.03507226635627814 0.1910617518066836
4172.168 1.435929298400879 -0.04683143297304326 -0.050509277974263966 -2.3504303137408655 -1.3446686903582972 5.992112710373476e-05 9.58738019107841e-05 -0.0002109223569277674 -0.395958811044693 -0.0005512743955478072 0.00016777915880084038 0.0 0.07587261993940997 -0.7287278223425968 0.08312861086231059 2.2482523610047824 -0.034497045639536275 0.19049182759894584
4172.1759999999995 1.4359772205352783 -0.046819512044088185 -0.053698364888326466 -2.3504303137408655 -1.3446806112872522 0.00011984225420746952 9.58738019107841e-05 -0.0001917476038215682 -0.4094051122665405 -0.0005033374764025211 0.00016777915880084038 0.0 0.07586385472347139 -0.7289763343891617 0.08461352274137324 2.245157466128647 -0.03397999433319496 0.1899777236717903
4172.184 1.4359772205352783 -0.0468676725970667 -0.05704337755312139 -2.3504303137408655 -1.3446686903582972 8.388957940042019e-05 7.669904152862728e-05 -0.0001917476038215682 -0.43299007415771484 -0.0004793690168298781 0.00016777915880084038 0.0 0.07582468966505305 -0.7292394608941718 0.0862160909237576 2.2418444207061943 -0.03336020046395262 0.18937553623236753
4172.192 1.4359891414642334 -0.04685527483095342 -0.06055623689760381 -2.3504303137408655 -1.3446930090533655 5.992112710373476e-05 7.669904152862728e-05 -0.0001917476038215682 -0.4502713084220886 -0.00045540055725723505 0.00016777915880084038 0.0 0.0757837673340439 -0.7295055408196001 0.08785369573573162 2.2384310979760067 -0.03274302962355633 0.18872701092213126
4172.2 1.4359772205352783 -0.046843830739156544 -0.06409341493715459 -2.350405995045797 -1.3446930090533655 5.992112710373476e-05 7.669904152862728e-05 -0.0001917476038215682 -0.4598347246646881 -0.00043143212678842247 0.00016777915880084038 0.0 0.07573275144612747 -0.7297669397686871 0.08949903572589327 2.2350134428298905 -0.0321668704719858 0.18810605067689035
4172.208 1.4359651803970337 -0.04678374925722295 -0.06784612337221319 -2.3504303137408655 -1.3446806112872522 8.388957940042019e-05 7.669904152862728e-05 -0.0001917476038215682 -0.45405831933021545 -0.0004074636672157794 0.00016777915880084038 0.0 0.07568285372294963 -0.730039755818993 0.0912248488297581 2.2313845548038445 -0.031575753800615176 0.18747440526079873
4172.215999999999 1.4359772205352783 -0.04677135149110967 -0.0715263525592249 -2.3504422346698206 -1.3446686903582972 8.388957940042019e-05 7.669904152862728e-05 -0.0001917476038215682 -0.4506548047065735 -0.0003834952076431364 0.00016777915880084038 0.0 0.07565192798341937 -0.7303008708792772 0.09294841028523379 2.227792614791473 -0.03093804735117134 0.18684945955436036
4172.224 1.4359532594680786 -0.04680759111513311 -0.07520705858339483 -2.3504303137408655 -1.344656769429342 8.388957940042019e-05 7.669904152862728e-05 -0.0001917476038215682 -0.4640771448612213 -0.00035952674807049334 0.00016777915880084038 0.0 0.07559554000777399 -0.7305589563144144 0.09470170502837556 2.224173931168424 -0.03033667459373453 0.18620098196049706
4172.232 1.4359651803970337 -0.04685527483095342 -0.07900792757143194 -2.3504303137408655 -1.3446686903582972 8.388957940042019e-05 7.669904152862728e-05 -0.0001917476038215682 -0.4978247284889221 -0.00035952674807049334 0.00016777915880084038 0.0 0.07555831405930197 -0.7308179683251073 0.09652280614655429 2.220419230147933 -0.029685212154000877 0.18552110946055758
4172.24 1.4359651803970337 -0.0468676725970667 -0.08298856416811162 -2.3504660765277308 -1.3446686903582972 7.190534961409867e-05 7.669904152862728e-05 -0.0001917476038215682 -0.513524055480957 -0.00035952674807049334 0.00016777915880084038 0.0 0.07551428564270377 -0.7310839443540529 0.09841406010502046 2.2164862835210246 -0.028998276236433605 0.184810261331146
4172.248 1.435941219329834 -0.04679567018617803 -0.08712464967836553 -2.350490395222799 -1.3446806112872522 8.388957940042019e-05 7.669904152862728e-05 -0.0001917476038215682 -0.5233750939369202 -0.00035952674807049334 0.00016777915880084038 0.0 0.07544966698474308 -0.731348785499423 0.10031586603134432 2.2124954160473633 -0.028362383204614202 0.18407609387842178
4172.255999999999 1.4359651803970337 -0.046843830739156544 -0.09129697481264287 -2.350478474293844 -1.3446930090533655 7.190534961409867e-05 7.669904152862728e-05 -0.0001917476038215682 -0.5283365845680237 -0.00035952674807049334 0.00016777915880084038 0.0 0.07542038649076993 -0.7316071124438391 0.10231226944346684 2.208388976696848 -0.027627637892607294 0.18333475694145335
4172.264 1.4359651803970337 -0.046843830739156544 -0.09555322328676397 -2.350478474293844 -1.3446686903582972 9.58738019107841e-05 7.669904152862728e-05 -0.0001917476038215682 -0.5379958748817444 -0.00035952674807049334 0.00016777915880084038 0.0 0.07538376948676573 -0.7318622402645384 0.10431940269822054 2.204231785484438 -0.02693218386112142 0.1826328307822349
4172.272 1.4359532594680786 -0.04680759111513311 -0.09993011156191045 -2.3505142370807093 -1.3446686903582972 8.388957940042019e-05 7.669904152862728e-05 -0.0001917476038215682 -0.5540067553520203 -0.00035952674807049334 0.00016777915880084038 0.0 0.07533166006784053 -0.7321185017564555 0.106367009939001 2.1999579552499093 -0.02620503405820125 0.1818569768102662
4172.28 1.435941219329834 -0.04680759111513311 -0.10435372987856084 -2.350490395222799 -1.3446686903582972 7.190534961409867e-05 5.752428114647046e-05 -0.0001917476038215682 -0.5584169626235962 -0.00035952674807049334 0.00016777915880084038 0.0 0.07528082233979856 -0.7323648195740071 0.10844814715088005 2.195661088036329 -0.025474975939868576 0.1810777036269858
4172.288 1.4359651803970337 -0.04680759111513311 -0.10888559023012334 -2.3505142370807093 -1.3446806112872522 0.000107858024421148 5.752428114647046e-05 -0.0001917476038215682 -0.5696821212768555 -0.00035952674807049334 0.00016777915880084038 0.0 0.07525279626928534 -0.7326093042860278 0.11059350337281147 2.1912157003344115 -0.024740219872300385 0.18030616847120887
4172.295999999999 1.4359772205352783 -0.046843830739156544 -0.11354953447450811 -2.350478474293844 -1.344644848500387 5.992112710373476e-05 5.752428114647046e-05 -0.0001917476038215682 -0.5735170841217041 -0.00035952674807049334 0.00016777915880084038 0.0 0.07522948127905144 -0.7328474349664553 0.11281448785716132 2.1866568041125514 -0.02388289200994306 0.17951486126000815
4172.304 1.4359651803970337 -0.046843830739156544 -0.11816579500307256 -2.3505142370807093 -1.3446930090533655 8.388957940042019e-05 5.752428114647046e-05 -0.0001917476038215682 -0.5816903114318848 -0.0008868326549418271 0.00016777915880084038 0.0 0.07516723000160416 -0.7330805763462157 0.11500374215001027 2.1821181732772814 -0.023181523489792945 0.17866165366387612
4172.312 1.435941219329834 -0.04683143297304326 -0.12287789980043584 -2.3505261580096644 -1.3447049299823206 8.388957940042019e-05 5.752428114647046e-05 -0.0001917476038215682 -0.6016800403594971 -0.0008868326549418271 0.00016777915880084038 0.0 0.07510681280001266 -0.7333061084431636 0.11722560115738308 2.1775165156925405 -0.02243802197064193 0.1778181283995915
4172.32 1.435941219329834 -0.046843830739156544 -0.12768584886659795 -2.350562397633688 -1.3446806112872522 5.992112710373476e-05 5.752428114647046e-05 -0.0001917476038215682 -0.6239706873893738 -0.0008868326549418271 0.00016777915880084038 0.0 0.07507385211443063 -0.7335259512998095 0.11951935405698348 2.1727701547571674 -0.021599273357568328 0.17698970589296853
4172.3279999999995 1.435941219329834 -0.046819512044088185 -0.1326373259173792 -2.350562397633688 -1.3446686903582972 9.58738019107841e-05 5.752428114647046e-05 -0.0001917476038215682 -0.6128733158111572 -0.0008868326549418271 0.00016777915880084038 0.0 0.07503857869544486 -0.73373696460618 0.12184577865808793 2.1679571827011097 -0.020822487645103617 0.17617049655354886
4172.336 1.435929298400879 -0.04679567018617803 -0.1376250425921839 -2.350562397633688 -1.3446806112872522 9.58738019107841e-05 5.752428114647046e-05 -0.0001917476038215682 -0.6145031452178955 -0.0008868326549418271 0.00016777915880084038 0.0 0.07498949128584756 -0.7339392551471745 0.12418987260621747 2.1631088302603514 -0.02002856584506368 0.175292562268194
4172.344 1.4359651803970337 -0.046819512044088185 -0.14256507555116826 -2.3505504767047327 -1.3446806112872522 7.190534961409867e-05 5.752428114647046e-05 -0.0001917476038215682 -0.6175950765609741 -0.0008868326549418271 0.00016777915880084038 0.0 0.07498056898828018 -0.7341247512639784 0.1265438418905952 2.15827223582252 -0.019153528528340177 0.1744443555756818
4172.352 1.4359772205352783 -0.04678374925722295 -0.14761287370790654 -2.350562397633688 -1.344656769429342 8.388957940042019e-05 5.752428114647046e-05 -0.0001917476038215682 -0.632095992565155 -0.0008868326549418271 0.00016777915880084038 0.0 0.07496123694995108 -0.7343043337259032 0.128914197287977 2.153362627784577 -0.01831947266819164 0.17361714093573613
4172.36 1.4359891414642334 -0.04683143297304326 -0.15266067186464483 -2.350574318562643 -1.3446090857135218 8.388957940042019e-05 5.752428114647046e-05 -0.0001917476038215682 -0.64853835105896 -0.0011504855938255787 0.00016777915880084038 0.0 0.07494957642746743 -0.7344734488884012 0.13134615971329766 2.148368744356528 -0.017446318226981575 0.17279527763205824
4172.3679999999995 1.4359651803970337 -0.0468676725970667 -0.15785247484316045 -2.350598160420553 -1.3446930090533655 9.58738019107841e-05 5.752428114647046e-05 -0.00017257283616345376 -0.6650765538215637 -0.0011504855938255787 0.00016777915880084038 0.0 0.07487719171012633 -0.734639914228078 0.13383761889665444 2.14324390930256 -0.016678929418276457 0.17179426428349356
4172.376 1.4359891414642334 -0.046819512044088185 -0.16322404543031865 -2.350610081349508 -1.344656769429342 7.190534961409867e-05 5.752428114647046e-05 -0.00017257283616345376 -0.6691991686820984 -0.0011504855938255787 0.00016777915880084038 0.0 0.07487304419068588 -0.7347908481583468 0.13635565230234645 2.1380275574964185 -0.015740420359892687 0.17091543201223774
4172.384 1.4359172582626343 -0.04678374925722295 -0.16870338121523076 -2.350610081349508 -1.344656769429342 0.000107858024421148 5.752428114647046e-05 -0.00017257283616345376 -0.6727704405784607 -0.0011504855938255787 0.00016777915880084038 0.0 0.0747901709095786 -0.7349381233250538 0.13893009115295035 2.1327059147868392 -0.014973391129914028 0.16995907935930754
4172.392 1.4359532594680786 -0.04679567018617803 -0.17408734956850225 -2.350610081349508 -1.3446686903582972 7.190534961409867e-05 5.752428114647046e-05 -0.00015339808305725455 -0.65675950050354 -0.0011504855938255787 0.00016777915880084038 0.0 0.07478572426198499 -0.7350619565394668 0.14149384637298673 2.1274340899718527 -0.014030816888759538 0.16902051509353339
4172.4 1.435941219329834 -0.04683143297304326 -0.17932683626283819 -2.350598160420553 -1.344656769429342 5.992112710373476e-05 5.752428114647046e-05 -0.00015339808305725455 -0.6503838896751404 -0.0011504855938255787 0.00016777915880084038 0.0 0.0747549651174851 -0.7351718642805207 0.14400440922327623 2.1222880810964715 -0.013173975391540587 0.1681168448038216
4172.407999999999 1.4359172582626343 -0.04685527483095342 -0.18453008333315069 -2.350586239491598 -1.3446686903582972 9.58738019107841e-05 5.752428114647046e-05 -0.00015339808305725455 -0.6672337055206299 -0.0011504855938255787 0.00016777915880084038 0.0 0.07471102599331694 -0.7352692825879485 0.14648894159780118 2.1171916587414277 -0.012404011382696464 0.1672183649953489
4172.416 1.435941219329834 -0.046843830739156544 -0.18992597261537725 -2.350610081349508 -1.3446806112872522 0.000107858024421148 5.752428114647046e-05 -0.00013422331539914012 -0.6935990452766418 -0.0011025487910956144 0.00016777915880084038 0.0 0.07470293944097613 -0.7353553474591048 0.149049689500047 2.111907310888019 -0.011528703381517753 0.1663021175768303
4172.424 1.4358813762664795 -0.046843830739156544 -0.19546538988222295 -2.350586239491598 -1.3446686903582972 9.58738019107841e-05 5.752428114647046e-05 -0.00013422331539914012 -0.6869357824325562 -0.0009587380336597562 0.00016777915880084038 0.0 0.07464141879344477 -0.7354323086914929 0.15167531048974875 2.1065119657731817 -0.01068662004310793 0.16532932588341745
4172.432 1.435929298400879 -0.046843830739156544 -0.20099336305727178 -2.350598160420553 -1.3447049299823206 7.190534961409867e-05 3.834952076431364e-05 -0.00013422331539914012 -0.677827775478363 -0.0008628642535768449 0.00016777915880084038 0.0 0.07464795439593003 -0.7354897234832054 0.15430388399999975 2.101100165939042 -0.009745271531265582 0.16436008762217463
4172.44 1.4359172582626343 -0.046819512044088185 -0.20640117326845342 -2.350574318562643 -1.3446806112872522 8.388957940042019e-05 3.834952076431364e-05 -0.00013422331539914012 -0.6668981909751892 -0.0007669904152862728 0.00016777915880084038 0.0 0.07462917440764474 -0.7355333441114882 0.15685054892248687 2.0958579014792935 -0.008899152308438279 0.16347178525823255
4172.447999999999 1.435941219329834 -0.046819512044088185 -0.2117245833026331 -2.350610081349508 -1.3446930090533655 9.58738019107841e-05 3.834952076431364e-05 -0.00011504856229294091 -0.6555371284484863 -0.0007190534961409867 0.00016777915880084038 0.0 0.07462861554297874 -0.7355642541656218 0.15938963282664367 2.0906200638403085 -0.00803913783625416 0.16256795715744995
4172.456 1.4359172582626343 -0.0468676725970667 -0.21696454683412725 -2.350598160420553 -1.3446930090533655 5.992112710373476e-05 3.834952076431364e-05 -0.00011504856229294091 -0.664741039276123 -0.0006471481756307185 0.00016777915880084038 0.0 0.07459865801832272 -0.73558171594919 0.16191138159266938 2.085459052584791 -0.007186235723105523 0.16163423192186607
4172.464 1.4359172582626343 -0.04689151445497686 -0.22226411501039678 -2.350622002278463 -1.344632927571432 7.190534961409867e-05 3.834952076431364e-05 -0.00011504856229294091 -0.6694388389587402 -0.0005992112564854324 0.00016777915880084038 0.0 0.0746036505798189 -0.7355855132479143 0.16445557955287077 2.080225428740512 -0.006312380158474638 0.1607954315900985
4172.472 1.4359053373336792 -0.04685527483095342 -0.2276838461505335 -2.350610081349508 -1.3446930090533655 0.000107858024421148 3.834952076431364e-05 -0.00011504856229294091 -0.6817586421966553 -0.0005512743955478072 0.00016777915880084038 0.0 0.07456965969787739 -0.7355773828717936 0.16700025409866726 2.0749777390095328 -0.00554665268826537 0.159835690008753
4172.48 1.4359053373336792 -0.04683143297304326 -0.23306781450380498 -2.350598160420553 -1.344656769429342 4.793690095539205e-05 3.834952076431364e-05 -0.00011504856229294091 -0.6707091331481934 -0.0005273059359751642 0.00016777915880084038 0.0 0.07457205906782194 -0.7355530999616431 0.16953977257455177 2.0697425497502433 -0.004615748368666202 0.15892945816004278
4172.487999999999 1.435941219329834 -0.04683143297304326 -0.23834354082216436 -2.350574318562643 -1.3446686903582972 0.000107858024421148 3.834952076431364e-05 -0.00011504856229294091 -0.6476754546165466 -0.0004793690168298781 0.00014381069922819734 0.0 0.07459011404808871 -0.7355132564113668 0.17204010191526287 2.0646095023889033 -0.0038179688780517855 0.1580864293083917
4172.496 1.4359651803970337 -0.04683143297304326 -0.2434638182269495 -2.350574318562643 -1.3446930090533655 9.58738019107841e-05 3.834952076431364e-05 -9.58738019107841e-05 -0.6206870079040527 -0.00045540055725723505 0.00014381069922819734 0.0 0.07459774993446842 -0.7354643219827091 0.17447242581153283 2.0596034381294577 -0.002988365003785522 0.15720243318309887
4172.504 1.435941219329834 -0.04685527483095342 -0.24844009080995733 -2.350562397633688 -1.3446806112872522 0.000107858024421148 3.834952076431364e-05 -9.58738019107841e-05 -0.6298429369926453 -0.00043143212678842247 0.00014381069922819734 0.0 0.07458183339846791 -0.735406661111465 0.17685108297890387 2.0547225618732265 -0.002232345170049427 0.15636474773662484
4172.512 1.4358932971954346 -0.04687959352602178 -0.25347644487489873 -2.350562397633688 -1.3446930090533655 7.190534961409867e-05 3.834952076431364e-05 -9.58738019107841e-05 -0.6368657350540161 -0.0004074636672157794 0.00014381069922819734 0.0 0.07454320170937184 -0.735339127703028 0.17926078821688596 2.049770415409123 -0.0014569741721010415 0.15544539780369865
4172.5199999999995 1.4359053373336792 -0.04687959352602178 -0.2585962454425257 -2.350562397633688 -1.3446930090533655 8.388957940042019e-05 3.834952076431364e-05 -9.58738019107841e-05 -0.6406287550926208 -0.0003834952076431364 9.58738019107841e-05 0.0 0.07455355276543096 -0.7352540958102534 0.18169264071288027 2.0447622635352385 -0.0006538877755157833 0.1545966343504156
4172.528 1.4359053373336792 -0.046819512044088185 -0.26370460191835576 -2.350574318562643 -1.3446930090533655 8.388957940042019e-05 3.834952076431364e-05 -9.58738019107841e-05 -0.6220771670341492 -0.00035952674807049334 9.58738019107841e-05 0.0 0.07455635739928336 -0.7351603027504962 0.18407867956757834 2.039811430410609 0.00013804536856030554 0.15374362704509836
4172.536 1.4358569383621216 -0.046819512044088185 -0.26862079301943 -2.3505142370807093 -1.3447049299823206 9.58738019107841e-05 3.834952076431364e-05 -9.58738019107841e-05 -0.607600212097168 -0.00035952674807049334 9.58738019107841e-05 0.0 0.07452267368090817 -0.7350574170168166 0.18639619716619643 2.0350599295092207 0.0008282068897548661 0.15289099751870366
4172.544 1.4358932971954346 -0.04683143297304326 -0.27346545854677373 -2.3505261580096644 -1.3446930090533655 7.190534961409867e-05 3.834952076431364e-05 -9.58738019107841e-05 -0.597054123878479 -0.00033555831760168076 9.58738019107841e-05 0.0 0.07455862165230467 -0.7349409427903061 0.18870806953162236 2.030295494720007 0.0016565588603762258 0.15209202397212954
4172.552 1.4358932971954346 -0.0468676725970667 -0.2781294027911585 -2.3505142370807093 -1.3447049299823206 8.388957940042019e-05 3.834952076431364e-05 -9.58738019107841e-05 -0.6044843196868896 -0.0003115898580290377 9.58738019107841e-05 0.0 0.07456299700276744 -0.7348194264061005 0.1909438891310497 2.0257090007987655 0.0023672022152459384 0.15129977477102052
4172.5599999999995 1.4358932971954346 -0.04689151445497686 -0.28296167055238897 -2.3505261580096644 -1.3446930090533655 9.58738019107841e-05 3.834952076431364e-05 -7.669904152862728e-05 -0.6157734394073486 -0.0003115898580290377 9.58738019107841e-05 0.0 0.07457525227294563 -0.734683677912553 0.1932572452577457 2.0209445281338954 0.0031194772568858523 0.15050225351064916
4172.568 1.4358693361282349 -0.04680759111513311 -0.28784209886659795 -2.350478474293844 -1.3446930090533655 8.388957940042019e-05 3.834952076431364e-05 -7.669904152862728e-05 -0.6073126196861267 -0.00028762139845639467 9.58738019107841e-05 0.0 0.07456809955197238 -0.7345396697216111 0.19549879808403137 2.016296078656648 0.003844217012406815 0.14968259404659426
4172.576 1.4358329772949219 -0.04685527483095342 -0.2926982084857386 -2.350478474293844 -1.3447049299823206 9.58738019107841e-05 3.834952076431364e-05 -7.669904152862728e-05 -0.5997625589370728 -0.00028762139845639467 9.58738019107841e-05 0.0 0.07455060010794796 -0.7343827385088264 0.1978352188670665 2.011496958153833 0.004547989326828857 0.14883346897497277
4172.584 1.4358450174331665 -0.046819512044088185 -0.297398869191305 -2.3504422346698206 -1.3447049299823206 8.388957940042019e-05 3.834952076431364e-05 -7.669904152862728e-05 -0.5816903114318848 -0.0002636529679875821 9.58738019107841e-05 0.0 0.07457258478994883 -0.7342189371640641 0.20002772268029623 2.006966503086013 0.005288049387433814 0.148058415328083
4172.592 1.4358813762664795 -0.04680759111513311 -0.3020876089679163 -2.3504422346698206 -1.3447163740741175 7.190534961409867e-05 3.834952076431364e-05 -7.669904152862728e-05 -0.5619403123855591 4.793690095539205e-05 9.58738019107841e-05 0.0 0.07461064911742833 -0.7340439329345021 0.20224048648326642 2.0023900239147134 0.0060512660284598825 0.1472802459592203
4172.599999999999 1.4358932971954346 -0.04685527483095342 -0.306619946156637 -2.3504422346698206 -1.3447282950030726 5.992112710373476e-05 3.834952076431364e-05 -7.669904152862728e-05 -0.5685796141624451 4.793690095539205e-05 9.58738019107841e-05 0.0 0.07463192845370187 -0.7338636843852234 0.20442108658063124 1.9979074662048824 0.006773614211192699 0.14650313444339746
4172.608 1.4358813762664795 -0.04687959352602178 -0.31112891832460576 -2.350382153187887 -1.3447282950030726 9.58738019107841e-05 3.834952076431364e-05 -7.669904152862728e-05 -0.5816903114318848 4.793690095539205e-05 9.58738019107841e-05 0.0 0.07464033006003233 -0.7336754668589033 0.20655690532554938 1.9935292700679057 0.007414409233364023 0.14577189251988526
4172.616 1.4358693361282349 -0.04687959352602178 -0.3158176581012171 -2.350405995045797 -1.3447049299823206 5.992112710373476e-05 3.834952076431364e-05 -7.669904152862728e-05 -0.5788140892982483 4.793690095539205e-05 9.58738019107841e-05 0.0 0.07465625049615544 -0.733473286595765 0.20878307593420908 1.9889126833181194 0.008177147812035832 0.14497813224388112
4172.624 1.4358329772949219 -0.046843830739156544 -0.32042199770082647 -2.3503339926349085 -1.3447521368609827 5.992112710373476e-05 3.834952076431364e-05 -7.669904152862728e-05 -0.5660149455070496 0.001701759989373386 9.58738019107841e-05 0.0 0.07463678642855005 -0.7332671153729401 0.210914597090172 1.9845129257715406 0.008800275438736701 0.1441581304030475
4172.632 1.4358813762664795 -0.04680759111513311 -0.32485896745790654 -2.3502381483661097 -1.3447163740741175 0.000107858024421148 3.834952076431364e-05 -7.669904152862728e-05 -0.5514181852340698 0.007765777874737978 9.58738019107841e-05 0.0 0.07470228118682179 -0.7330508923815521 0.21296130161289356 1.9802980200070432 0.009483201656791892 0.14353912715307124
4172.639999999999 1.4358329772949219 -0.04685527483095342 -0.32922393480409795 -2.350189987813131 -1.3447282950030726 7.190534961409867e-05 3.834952076431364e-05 -7.669904152862728e-05 -0.5382115840911865 0.008173241280019283 9.58738019107841e-05 0.0 0.07468542142923212 -0.7328336966319828 0.21504494358049492 1.9760233365031048 0.010130802050379655 0.1427465293056587
4172.648 1.4358569383621216 -0.0468676725970667 -0.33352882066835576 -2.350142304097311 -1.3447282950030726 9.58738019107841e-05 3.834952076431364e-05 -5.752428114647046e-05 -0.5296548008918762 0.007190535310655832 9.58738019107841e-05 0.0 0.07472537332905183 -0.7326073170481858 0.2170743892746366 1.9718438072861317 0.010782783732360354 0.14206806700365215
4172.656 1.4358450174331665 -0.0468676725970667 -0.33773738542665654 -2.350142304097311 -1.3447282950030726 9.58738019107841e-05 3.834952076431364e-05 -5.752428114647046e-05 -0.5275456309318542 0.0038109836168587208 9.58738019107841e-05 0.0 0.07473932939649586 -0.7323822901375685 0.21906158901637188 1.9677223891976041 0.011412553792055491 0.14136130032950345
4172.664 1.4358210563659668 -0.046843830739156544 -0.3419106642352503 -2.3501060644732874 -1.3447282950030726 0.00011984225420746952 3.834952076431364e-05 -5.752428114647046e-05 -0.5286002159118652 0.00256462418474257 9.58738019107841e-05 0.0 0.07474535255927506 -0.732152643987572 0.22100415737749207 1.9636947031592034 0.01199154608293022 0.14067860962379694
4172.672 1.4358210563659668 -0.0468676725970667 -0.3460477034198206 -2.3500941435443323 -1.3447402159320276 9.58738019107841e-05 3.834952076431364e-05 -5.752428114647046e-05 -0.5200674533843994 0.00256462418474257 9.58738019107841e-05 0.0 0.07476696874297585 -0.731912800932267 0.22296913518557537 1.9596315848478774 0.012637986217198843 0.13996328252318485
4172.679999999999 1.4357850551605225 -0.046843830739156544 -0.3502090612994593 -2.350057903920309 -1.3447521368609827 8.388957940042019e-05 3.834952076431364e-05 -5.752428114647046e-05 -0.508586585521698 0.00256462418474257 9.58738019107841e-05 0.0 0.07476313009952211 -0.7316690395256815 0.2249037879775742 1.9556147052867738 0.013229072926727021 0.13924037585646476
4172.688 1.4358329772949219 -0.04685527483095342 -0.35426170030702764 -2.3500097433673304 -1.3447163740741175 8.388957940042019e-05 3.834952076431364e-05 -5.752428114647046e-05 -0.49736931920051575 0.003020024858415127 9.58738019107841e-05 0.0 0.07483421972894033 -0.731414041591224 0.2268092836034063 1.95167989223871 0.01390814900420483 0.13864204199282956
4172.696 1.4358210563659668 -0.04685527483095342 -0.35818273225893194 -2.3499978224383753 -1.3447163740741175 5.992112710373476e-05 3.834952076431364e-05 -5.752428114647046e-05 -0.48418667912483215 0.003020024858415127 9.58738019107841e-05 0.0 0.07485184413711049 -0.7311666633008409 0.22865268279593448 1.9478501156946624 0.014511420369913312 0.13797156659614015
4172.704 1.4358210563659668 -0.0468676725970667 -0.36210424104799444 -2.34998590150942 -1.3447282950030726 7.190534961409867e-05 3.834952076431364e-05 -5.752428114647046e-05 -0.4753183424472809 0.003978762775659561 9.58738019107841e-05 0.0 0.07487612059848792 -0.730910494987254 0.2305038810151342 1.9440096682160428 0.015084571036103193 0.13731955333436302
4172.7119999999995 1.435797095298767 -0.0468676725970667 -0.36596566835512334 -2.3499382177936 -1.3447282950030726 9.58738019107841e-05 3.834952076431364e-05 -5.752428114647046e-05 -0.4620398283004761 0.003978762775659561 9.58738019107841e-05 0.0 0.07488662368175573 -0.7306531294508847 0.23230738955088692 1.9402743053393838 0.015613648099465523 0.13668953467196426
4172.72 1.4358090162277222 -0.04689151445497686 -0.3695867697345179 -2.34998590150942 -1.3447282950030726 7.190534961409867e-05 1.917476038215682e-05 -5.752428114647046e-05 -0.4725379943847656 0.003595267655327916 9.58738019107841e-05 0.0 0.07492237637961766 -0.7304025580165693 0.23404016913682707 1.9366564569059772 0.01620486211321678 0.13607207873401553
4172.728 1.4358210563659668 -0.04685527483095342 -0.37330419221986944 -2.349950138722555 -1.3447049299823206 0.000107858024421148 1.917476038215682e-05 -5.752428114647046e-05 -0.4716991186141968 0.0024687503464519978 9.58738019107841e-05 0.0 0.07496567718497685 -0.7301420574584813 0.235751991761732 1.933085113638962 0.016745858037308284 0.135525196649913
4172.736 1.435797095298767 -0.04687959352602178 -0.3769262472735804 -2.34996205965151 -1.3447049299823206 8.388957940042019e-05 1.917476038215682e-05 -5.752428114647046e-05 -0.4629746079444885 0.0018935076659545302 9.58738019107841e-05 0.0 0.07497708815442716 -0.7298810105124958 0.23747382415586926 1.9295000769211796 0.017295800130888415 0.13489023793776336
4172.744 1.4357850551605225 -0.04680759111513311 -0.3804991880999964 -2.3499382177936 -1.3447049299823206 7.190534961409867e-05 1.917476038215682e-05 -5.752428114647046e-05 -0.43299007415771484 0.0015339808305725455 9.58738019107841e-05 0.0 0.07499661830642655 -0.7296243630272865 0.23909312611440836 1.9260930057464267 0.01781750572416699 0.13430105677461218
4172.7519999999995 1.4358090162277222 -0.046843830739156544 -0.3839171568499964 -2.34996205965151 -1.3446930090533655 0.000107858024421148 1.917476038215682e-05 -5.752428114647046e-05 -0.4132400453090668 0.001294296351261437 9.58738019107841e-05 0.0 0.07504623136509883 -0.7293619877867346 0.24072935523072464 1.9226861188503561 0.0183355055634024 0.13378025845838618
4172.76 1.435797095298767 -0.0468676725970667 -0.387214485798971 -2.349973980580465 -1.3447282950030726 9.58738019107841e-05 1.917476038215682e-05 -5.752428114647046e-05 -0.4027418792247772 0.0011025487910956144 9.58738019107841e-05 0.0 0.075056654493085 -0.729108054717752 0.24229493904284982 1.9194220972352092 0.01881111818762489 0.13318207357466125
4172.768 1.435797095298767 -0.04685527483095342 -0.3904045263873499 -2.34996205965151 -1.3447402159320276 0.000107858024421148 1.917476038215682e-05 -5.752428114647046e-05 -0.4051147699356079 0.0009587380336597562 9.58738019107841e-05 0.0 0.07508138217464695 -0.7288591338361083 0.24377755707006515 1.916321402504466 0.019265110123135774 0.13265821981244857
4172.776 1.435737133026123 -0.046843830739156544 -0.3935945669757288 -2.3499258200274866 -1.344764534627096 4.793690095539205e-05 1.917476038215682e-05 -5.752428114647046e-05 -0.3947124481201172 0.0008628642535768449 9.58738019107841e-05 0.0 0.07505983047903807 -0.7286099857989666 0.24525307751620484 1.9132411901781379 0.01971820883675316 0.13203777657161989
4172.784 1.4357491731643677 -0.046819512044088185 -0.39660483995546514 -2.34996205965151 -1.3447402159320276 8.388957940042019e-05 1.917476038215682e-05 -5.752428114647046e-05 -0.37167876958847046 0.0007669904152862728 9.58738019107841e-05 0.0 0.07510234813705627 -0.7283663880398293 0.24665553356784262 1.910279574215494 0.02016256044191514 0.13159705270944155
4172.7919999999995 1.435737133026123 -0.04683143297304326 -0.39950639406313115 -2.3499258200274866 -1.3447049299823206 9.58738019107841e-05 1.917476038215682e-05 -5.752428114647046e-05 -0.34282076358795166 0.0007190534961409867 9.58738019107841e-05 0.0 0.07513047945175047 -0.7281251913650206 0.2480124320044457 1.907458199211348 0.020592558861417216 0.13115848859623044
4172.8 1.435725212097168 -0.046843830739156544 -0.40214425722231084 -2.349950138722555 -1.3447049299823206 3.5952674807049334e-05 1.917476038215682e-05 -3.834952076431364e-05 -0.321321040391922 0.0006471481756307185 9.58738019107841e-05 0.0 0.0751471089877954 -0.727903583272345 0.24926158637672735 1.9048351663815486 0.021036650881074263 0.13067110723293796
4172.808 1.435677170753479 -0.04680759111513311 -0.404578987752096 -2.349973980580465 -1.3447402159320276 8.388957940042019e-05 1.917476038215682e-05 -3.834952076431364e-05 -0.3061729967594147 0.0005992112564854324 9.58738019107841e-05 0.0 0.07512582764283213 -0.7277043182562366 0.2503797472267776 1.9024645394336976 0.021281727671701067 0.13024007715608543
4172.816 1.4357131719589233 -0.04683143297304326 -0.40689355531801397 -2.34996205965151 -1.344764534627096 5.992112710373476e-05 -0.00036432043998502195 -3.834952076431364e-05 -0.28747761249542236 0.0005512743955478072 9.58738019107841e-05 0.0 0.0751687230841725 -0.7275000982814039 0.25147436333713086 1.9001857048491215 0.02166832735203778 0.1298438937145973
4172.824 1.435725212097168 -0.046819512044088185 -0.4090517202960413 -2.349973980580465 -1.3447521368609827 7.190534961409867e-05 -0.00036432043998502195 -3.834952076431364e-05 -0.24934379756450653 0.0005273059359751642 9.58738019107841e-05 0.0 0.07520221085301121 -0.7273118074662543 0.25247742006685203 1.898070420159845 0.021997315753940722 0.12951841660471486
4172.831999999999 1.435725212097168 -0.04680759111513311 -0.4109585920916956 -2.349950138722555 -1.3447282950030726 8.388957940042019e-05 -0.00036432043998502195 -3.834952076431364e-05 -0.2340758889913559 0.0004793690168298781 9.58738019107841e-05 0.0 0.07522780967103658 -0.7271441425677344 0.25335315138940184 1.8962356078448976 0.022279923553685268 0.12924273397319272
4172.84 1.435737133026123 -0.04677135149110967 -0.41267377534975225 -2.349973980580465 -1.3447282950030726 8.388957940042019e-05 -0.00036432043998502195 -3.834952076431364e-05 -0.18582740426063538 0.00045540055725723505 9.58738019107841e-05 0.0 0.07525350198040771 -0.7269942895991514 0.2541344842003772 1.8945668949219052 0.022543656158812982 0.1289719811473099
4172.848 1.435797095298767 -0.04683143297304326 -0.4140403906451624 -2.349973980580465 -1.3447402159320276 7.190534961409867e-05 -0.00036432043998502195 -3.834952076431364e-05 -0.17427460849285126 0.00043143212678842247 9.58738019107841e-05 0.0 0.07530889282358927 -0.726861257998044 0.25481452513673153 1.8931695518443175 0.022815439287440707 0.1287601450856401
4172.856 1.435797095298767 -0.046759907399312794 -0.41540795961488897 -2.34996205965151 -1.3447049299823206 3.5952674807049334e-05 -0.00036432043998502195 -3.834952076431364e-05 -0.1414857655763626 0.0004074636672157794 9.58738019107841e-05 0.0 0.07533160529536374 -0.7267441372917955 0.2553990973493345 1.891907676161613 0.023063475668080036 0.12855867991309075
4172.864 1.4358090162277222 -0.04680759111513311 -0.4164994398700159 -2.3500097433673304 -1.3447049299823206 3.5952674807049334e-05 -0.00036432043998502195 -3.834952076431364e-05 -0.12806342542171478 0.0003834952076431364 9.58738019107841e-05 0.0 0.07535232016517673 -0.7266392356135346 0.255955092392345 1.8907445271620174 0.023250564519093478 0.12837288527461654
4172.871999999999 1.4358329772949219 -0.04678374925722295 -0.41743404070009404 -2.34998590150942 -1.3447402159320276 9.58738019107841e-05 -0.00036432043998502195 -3.834952076431364e-05 -0.12501944601535797 0.00035952674807049334 9.58738019107841e-05 0.0 0.07536988505948256 -0.7265551157900365 0.2563666148839157 1.889879593320134 0.023323841169370786 0.12825165584687964
4172.88 1.4358090162277222 -0.04679567018617803 -0.4183457533465784 -2.349973980580465 -1.3447402159320276 8.388957940042019e-05 -0.00036432043998502195 -3.834952076431364e-05 -0.08170844614505768 0.00035952674807049334 9.58738019107841e-05 0.0 0.07536236487880475 -0.726471902416986 0.25679679317841597 1.888985359420445 0.023447521752124056 0.12807810667411912
4172.888 1.4358210563659668 -0.04679567018617803 -0.41871720949281865 -2.34998590150942 -1.3447402159320276 7.190534961409867e-05 -0.00036432043998502195 -3.834952076431364e-05 -0.03238137811422348 0.00033555831760168076 9.58738019107841e-05 0.0 0.07537505235518677 -0.7264367994634991 0.2569732162669652 1.8886093091411336 0.023526901346862476 0.12801548690130288
4172.896 1.4358569383621216 -0.04680759111513311 -0.41872960725893194 -2.34996205965151 -1.3447163740741175 4.793690095539205e-05 -0.00036432043998502195 -3.834952076431364e-05 -0.00723847234621644 0.0003115898580290377 9.58738019107841e-05 0.0 0.07540784455569056 -0.7264311229888942 0.25698137362847456 1.8886069707992852 0.023599851563291377 0.1280461062748502
4172.9039999999995 1.4358090162277222 -0.04680759111513311 -0.418741528187887 -2.34996205965151 -1.3447402159320276 9.58738019107841e-05 -0.00036432043998502195 -3.834952076431364e-05 -0.00723847234621644 0.0003115898580290377 9.58738019107841e-05 0.0 0.07536678490292448 -0.7264341530768295 0.2569864361595605 1.8885978442106746 0.023494844698291405 0.12802164240346234
4172.912 1.4358450174331665 -0.046759907399312794 -0.418741528187887 -2.34996205965151 -1.3447049299823206 8.388957940042019e-05 -0.0003451456723269075 -3.834952076431364e-05 -0.003906857687979937 0.00028762139845639467 9.58738019107841e-05 0.0 0.07540168422706893 -0.7264356339351443 0.25695332958249295 1.888642423641189 0.023556981843980803 0.12807900514785459
4172.92 1.4358210563659668 -0.04672366777528936 -0.4186213652240198 -2.3499138990985315 -1.3447282950030726 9.58738019107841e-05 -0.00032597093377262354 -3.834952076431364e-05 0.013278521597385406 0.00028762139845639467 9.58738019107841e-05 0.0 0.0753763205296362 -0.7264526478631511 0.2568578430456911 1.8888445128539124 0.02347683605362432 0.12808201787204462
4172.928 1.4358569383621216 -0.0466998259173792 -0.41838151613344365 -2.349877659474508 -1.3447163740741175 8.388957940042019e-05 -0.0003067961661145091 -3.834952076431364e-05 0.0415133573114872 0.00028762139845639467 9.58738019107841e-05 0.0 0.0754027467040897 -0.7264741342307751 0.25671938242929576 1.8891377404817424 0.02348580416289313 0.12815852412912257
4172.936 1.4358693361282349 -0.04665118852724248 -0.41798621812929326 -2.3498056570636194 -1.3447402159320276 9.58738019107841e-05 -0.00028762139845639467 -3.834952076431364e-05 0.051124706864356995 0.006663229316473007 9.58738019107841e-05 0.0 0.07540062056381448 -0.7265148577216229 0.2564802523264061 1.889645415020913 0.023393623830556293 0.12823675263276801
4172.9439999999995 1.4358932971954346 -0.046627346669332326 -0.4176738897906702 -2.3497098127948206 -1.3447163740741175 0.000107858024421148 -0.00026844663079828024 0.0 0.030895333737134933 0.011480888351798058 9.58738019107841e-05 0.0 0.07542094344579081 -0.7265433237956603 0.25629179917115585 1.8900680890497925 0.02335742285357457 0.1283543121427129
4172.952 1.4358813762664795 -0.046627346669332326 -0.4175661245929163 -2.34957725206484 -1.3447402159320276 9.58738019107841e-05 5.752428114647046e-05 0.0 0.01176850963383913 0.01768871583044529 9.58738019107841e-05 0.0 0.07540503647414469 -0.7265541570144131 0.25620451324225163 1.8903046067087488 0.023306025972446038 0.12835465778377908
4172.96 1.4359053373336792 -0.04660350481142217 -0.4175780455218714 -2.3494213263141077 -1.3447282950030726 9.58738019107841e-05 5.752428114647046e-05 0.002205097349360585 0.004793690051883459 0.019366508349776268 9.58738019107841e-05 0.0 0.07542573586797212 -0.7265529242980865 0.25615040501429176 1.890468699658374 0.023312285747013536 0.128409548238402
4172.968 1.4358932971954346 -0.04655582109560186 -0.4175780455218714 -2.3492773214923304 -1.3447282950030726 7.190534961409867e-05 5.752428114647046e-05 0.005541505757719278 0.002996056340634823 0.019246665760874748 9.58738019107841e-05 0.0 0.0754166008245159 -0.7265582480952093 0.2560768565354069 1.8906557233097228 0.02329538883948327 0.12841604532969145
4172.976 1.4358932971954346 -0.046543423329488576 -0.41755420366396123 -2.349121395741598 -1.3447282950030726 7.190534961409867e-05 5.752428114647046e-05 0.0033747577108442783 0.002181129064410925 0.017736652866005898 9.58738019107841e-05 0.0 0.07541649220882991 -0.7265611513016287 0.25601394991851933 1.8908441293228755 0.02326731810824367 0.12844732827512395
4172.9839999999995 1.4359053373336792 -0.04657966295351201 -0.4175661245929163 -2.3490732351886194 -1.3446930090533655 7.190534961409867e-05 5.752428114647046e-05 0.0019174760673195124 0.0017257285071536899 0.012895026244223118 9.58738019107841e-05 0.0 0.07543541739916954 -0.7265544816468492 0.2560326847920053 1.8908421387378787 0.023302992201131904 0.1284890317797428
4172.992 1.4358932971954346 -0.04656726518739873 -0.4176262060748499 -2.349037472401754 -1.3447521368609827 5.992112710373476e-05 5.752428114647046e-05 0.0013230585027486086 0.0014141385909169912 0.006471481639891863 9.58738019107841e-05 0.0 0.07541139122487664 -0.7265523313059385 0.25604080342133295 1.8908335101375486 0.0232644941733589 0.12841468972826445
4173.0 1.435941219329834 -0.04659158388246709 -0.417638127003805 -2.349025074635641 -1.3447402159320276 4.793690095539205e-05 5.752428114647046e-05 0.0010162623366340995 0.0011984225129708648 0.0036911414936184883 9.58738019107841e-05 0.0 0.07544989527097294 -0.7265448171605227 0.25606045085877605 1.8908095032467993 0.023332908672865436 0.12844668004784127
4173.008 1.435929298400879 -0.04657966295351201 -0.417638127003805 -2.349025074635641 -1.3447402159320276 8.388957940042019e-05 5.752428114647046e-05 0.0008245147182606161 0.0010306433541700244 0.002540655666962266 9.58738019107841e-05 0.0 0.07544106378400865 -0.7265469457732155 0.2560519901412559 1.890822265000022 0.023285846057319617 0.12846498581506005
4173.016 1.4359053373336792 -0.04655582109560186 -0.417638127003805 -2.349037472401754 -1.3447163740741175 8.388957940042019e-05 5.752428114647046e-05 0.000690291344653815 0.0009108011145144701 0.0018935076659545302 9.58738019107841e-05 0.0 0.07542966322670469 -0.7265507392312146 0.25603898368680816 1.890831807474806 0.023277601294600325 0.12847297253474668
4173.023999999999 1.435929298400879 -0.04656726518739873 -0.41755420366396123 -2.349013153706686 -1.3447282950030726 3.5952674807049334e-05 5.752428114647046e-05 0.0005944175645709038 0.0008149273344315588 0.0016298546688631177 9.58738019107841e-05 0.0 0.07544321281316274 -0.7265555899000078 0.2560010270308929 1.8909260526228704 0.023323235373113864 0.12846118901536724
4173.032 1.4358932971954346 -0.04656726518739873 -0.41758996645082647 -2.3489773909198206 -1.3447402159320276 4.793690095539205e-05 5.752428114647046e-05 0.000517718552146107 0.0007430219557136297 0.0016298546688631177 9.58738019107841e-05 0.0 0.07541431972741347 -0.7265551683546713 0.2560075909389999 1.8909268243980797 0.023269841865785984 0.12843350119108354
4173.04 1.4359172582626343 -0.04656726518739873 -0.4175661245929163 -2.349013153706686 -1.3447402159320276 8.388957940042019e-05 5.752428114647046e-05 0.00046019424917176366 0.0006711166352033615 0.0016298546688631177 9.58738019107841e-05 0.0 0.07543140345450612 -0.7265556676037286 0.25600633626241276 1.8909165588230799 0.02326018814255237 0.12847246186632866
4173.048 1.4359172582626343 -0.04655582109560186 -0.4175780455218714 -2.3490012327777308 -1.3447521368609827 7.190534961409867e-05 5.752428114647046e-05 0.0004218447138555348 0.0006231797160580754 0.0016298546688631177 9.58738019107841e-05 0.0 0.07542820298976961 -0.726555973514099 0.256000236259733 1.8909281007827674 0.02326169571967093 0.12845482747166875
4173.056 1.4359053373336792 -0.0465315024005335 -0.41760188737978154 -2.3489893118487757 -1.3447049299823206 7.190534961409867e-05 5.752428114647046e-05 0.0003834952076431364 0.0005752427969127893 0.0016298546688631177 9.58738019107841e-05 0.0 0.07543209219972943 -0.7265561357301655 0.25599178833246533 1.8909372997502745 0.023280664059772235 0.1284932757741417
4173.063999999999 1.435929298400879 -0.04655582109560186 -0.4175780455218714 -2.3489654699908655 -1.3447163740741175 8.388957940042019e-05 5.752428114647046e-05 0.0003451456723269075 0.0005512743955478072 0.0015339808305725455 9.58738019107841e-05 0.0 0.07544658646713442 -0.72655416152721 0.2559911209719417 1.8909615314202897 0.023280903408465885 0.12851087955703086
4173.072 1.435929298400879 -0.0465315024005335 -0.41758996645082647 -2.3489654699908655 -1.3447282950030726 0.000107858024421148 5.752428114647046e-05 0.00032597093377262354 0.0005033374764025211 0.001294296351261437 9.58738019107841e-05 0.0 0.07544317755052071 -0.7265558370694134 0.25597917008816223 1.89097519914464 0.023248206613239918 0.12851789530176308
4173.08 1.435929298400879 -0.0465315024005335 -0.41758996645082647 -2.3489773909198206 -1.3447402159320276 8.388957940042019e-05 5.752428114647046e-05 0.0003067961661145091 0.0004793690168298781 0.0011025487910956144 9.58738019107841e-05 0.0 0.0754399656578249 -0.7265561383987476 0.2559822084997299 1.8909634322188702 0.023264479415296843 0.12848831914543044
4173.088 1.4359172582626343 -0.04651958147157842 -0.4175780455218714 -2.3489773909198206 -1.3447402159320276 5.992112710373476e-05 5.752428114647046e-05 0.00028762139845639467 0.00045540055725723505 0.0009587380336597562 9.58738019107841e-05 0.0 0.07543092178437198 -0.72655936353749 0.2559681899939212 1.8909858862506124 0.02327217427538912 0.1284675981031269
4173.096 1.4359532594680786 -0.04656726518739873 -0.41758996645082647 -2.3489416281329554 -1.3447163740741175 4.793690095539205e-05 5.752428114647046e-05 0.00026844663079828024 0.00043143212678842247 0.0008628642535768449 9.58738019107841e-05 0.0 0.07546433381668066 -0.726549999345088 0.2559982272569628 1.890961049205854 0.023337584134812735 0.12850280326430205
4173.103999999999 1.4359772205352783 -0.0465315024005335 -0.4175780455218714 -2.3489416281329554 -1.3447163740741175 9.58738019107841e-05 5.752428114647046e-05 0.00024927189224399626 0.0004074636672157794 0.0007669904152862728 9.58738019107841e-05 0.0 0.07548110636908989 -0.7265529646855218 0.25596728723951767 1.8910096210954803 0.023307742934500646 0.12855953063721298
4173.112 1.4359891414642334 -0.04649573961366826 -0.41755420366396123 -2.3489654699908655 -1.3447163740741175 5.992112710373476e-05 5.752428114647046e-05 0.00023009712458588183 0.0003834952076431364 0.0007190534961409867 9.58738019107841e-05 0.0 0.075488956577668 -0.7265580121536306 0.2559373629617725 1.891043591795297 0.02334751042648974 0.12854885606569966
4173.12 1.435941219329834 -0.04650766054262334 -0.4175661245929163 -2.3489654699908655 -1.3447402159320276 7.190534961409867e-05 5.752428114647046e-05 0.0002109223569277674 0.00035952674807049334 0.0006471481756307185 9.58738019107841e-05 0.0 0.07544805957605577 -0.7265598292956732 0.25595088458522897 1.8910215804087835 0.023278202119064152 0.12849792372890098
4173.128 1.436001181602478 -0.0465315024005335 -0.4175661245929163 -2.3489893118487757 -1.3447282950030726 4.793690095539205e-05 5.752428114647046e-05 0.0002109223569277674 0.00033555831760168076 0.0005992112564854324 9.58738019107841e-05 0.0 0.07549510400904402 -0.7265526755141415 0.2559746284767431 1.8909739123016238 0.023372764719373003 0.12852607246148195
4173.1359999999995 1.4359651803970337 -0.04647189775575811 -0.4175303618060511 -2.3489535490619105 -1.3447282950030726 8.388957940042019e-05 5.752428114647046e-05 0.0002109223569277674 0.00033555831760168076 0.0005512743955478072 9.58738019107841e-05 0.0 0.07546779327189221 -0.7265646672197476 0.2559057902698761 1.891103296400176 0.023285197922903896 0.12854723136870533
4173.144 1.436001181602478 -0.0465315024005335 -0.4175780455218714 -2.3489654699908655 -1.3447282950030726 5.992112710373476e-05 5.752428114647046e-05 0.0002109223569277674 0.0003115898580290377 0.0005273059359751642 9.58738019107841e-05 0.0 0.07549527885284689 -0.7265515007139259 0.25597361244680883 1.890986003905772 0.023359737319185916 0.128536186187409
4173.152 1.435929298400879 -0.046459499989644826 -0.4175303618060511 -2.3489416281329554 -1.3447282950030726 5.992112710373476e-05 5.752428114647046e-05 0.0002109223569277674 0.0003115898580290377 0.0005273059359751642 9.58738019107841e-05 0.0 0.0754415703416303 -0.7265686076158786 0.25589370402229 1.8911259847337238 0.023270303254537675 0.12851031186229736
4173.16 1.435941219329834 -0.04647189775575811 -0.41758996645082647 -2.348917309437887 -1.3447402159320276 8.388957940042019e-05 5.752428114647046e-05 0.0002109223569277674 0.00028762139845639467 0.0005273059359751642 9.58738019107841e-05 0.0 0.07544789987054895 -0.7265611611502285 0.25592333842844717 1.891080888216196 0.02325797705476612 0.12851576209245363
4173.168 1.4359772205352783 -0.04649573961366826 -0.41758996645082647 -2.3489416281329554 -1.3447049299823206 7.190534961409867e-05 5.752428114647046e-05 0.0002109223569277674 0.00028762139845639467 0.0005273059359751642 9.58738019107841e-05 0.0 0.07548378129714989 -0.7265553123250927 0.2559477009170013 1.8910315076034931 0.023334526541320524 0.1285577628291048
4173.1759999999995 1.436001181602478 -0.04648334184755498 -0.4175303618060511 -2.348929230366842 -1.3447282950030726 7.190534961409867e-05 5.752428114647046e-05 0.0007286408799700439 0.0002636529679875821 0.0005273059359751642 9.58738019107841e-05 0.0 0.07549416397591088 -0.7265606826344051 0.2559072076429182 1.8911158821373422 0.023328780172702887 0.1285657544766228
4173.184 1.4359772205352783 -0.04641181627382451 -0.4175303618060511 -2.3489416281329554 -1.3447163740741175 7.190534961409867e-05 5.752428114647046e-05 0.0007286408799700439 0.0002636529679875821 0.0005273059359751642 9.58738019107841e-05 0.0 0.07547889606774648 -0.7265696415374976 0.2558601085748204 1.891172883366284 0.023305179001374965 0.1285700854941914
4173.192 1.4359772205352783 -0.04647189775575811 -0.4175661245929163 -2.348929230366842 -1.3447049299823206 7.190534961409867e-05 5.752428114647046e-05 0.0007286408799700439 0.0002636529679875821 0.0005273059359751642 9.58738019107841e-05 0.0 0.07548321537113137 -0.7265598992193346 0.25591624549336034 1.8910904028851059 0.023325578153104827 0.1285674887119846
4173.2 1.4359891414642334 -0.04643565813173467 -0.41754228273500615 -2.348917309437887 -1.3447163740741175 8.388957940042019e-05 5.752428114647046e-05 0.0007286408799700439 0.00023968450841493905 0.0005273059359751642 7.190534961409867e-05 0.0 0.075488073367175 -0.7265651108257506 0.2558758832707091 1.891162189648877 0.02330697425558367 0.12858460287126852
4173.208 1.436013102531433 -0.04644757906068975 -0.41755420366396123 -2.348917309437887 -1.3447163740741175 8.388957940042019e-05 0.00013422331539914012 0.0007286408799700439 0.00023968450841493905 0.0005273059359751642 7.190534961409867e-05 0.0 0.07550577816720035 -0.7265609868698255 0.2558899020125261 1.89113905797708 0.023333210950157512 0.1285971009045574
4173.215999999999 1.436013102531433 -0.04644757906068975 -0.4175303618060511 -2.3489416281329554 -1.3447049299823206 8.388957940042019e-05 0.00013422331539914012 0.0007286408799700439 0.00023968450841493905 0.0005273059359751642 7.190534961409867e-05 0.0 0.0755085365517328 -0.7265630032800395 0.25588573023585987 1.8911378924174989 0.023341005600093827 0.12860786360381143
4173.224 1.4360371828079224 -0.046459499989644826 -0.41755420366396123 -2.348917309437887 -1.3447049299823206 5.992112710373476e-05 0.00013422331539914012 0.0006711166352033615 0.00021571606339421123 0.0005273059359751642 7.190534961409867e-05 0.0 0.07552650370576142 -0.7265576928283988 0.2558986015916417 1.8911261242562438 0.02338824277508057 0.12860610006187917
4173.232 1.436001181602478 -0.046399895344869435 -0.4175303618060511 -2.348917309437887 -1.3447282950030726 5.992112710373476e-05 0.00013422331539914012 0.0005752427969127893 0.00021571606339421123 0.0005273059359751642 7.190534961409867e-05 0.0 0.07549299854259356 -0.7265692287249972 0.2558446938000776 1.8912089710675504 0.02332571532111862 0.12857284580624162
4173.24 1.4360491037368774 -0.04643565813173467 -0.41754228273500615 -2.348929230366842 -1.3447163740741175 7.190534961409867e-05 0.00013422331539914012 0.000517718552146107 0.00021571606339421123 0.0005273059359751642 7.190534961409867e-05 0.0 0.07553161505738393 -0.7265606267712584 0.2558791700967111 1.89115069749065 0.023376750115907282 0.12861540038728556
4173.248 1.436013102531433 -0.04642373720277959 -0.4175060431109827 -2.3488929907428187 -1.3447521368609827 4.793690095539205e-05 0.00013422331539914012 0.00046019424917176366 0.0001917476038215682 0.0005273059359751642 7.190534961409867e-05 0.0 0.0754954196729499 -0.7265685208790128 0.25584307554041846 1.8912344363757372 0.023328577933868114 0.12855437532553693
4173.255999999999 1.4359772205352783 -0.046399895344869435 -0.417518440877096 -2.348917309437887 -1.3447402159320276 9.58738019107841e-05 0.00013422331539914012 0.0004410194815136492 0.0001917476038215682 0.0005273059359751642 7.190534961409867e-05 0.0 0.07547227634193779 -0.7265723831707053 0.2558388873400138 1.8912223298427897 0.02325918524315005 0.12857169892279596
4173.264 1.4359891414642334 -0.04643565813173467 -0.41754228273500615 -2.3489049116717737 -1.3447402159320276 8.388957940042019e-05 0.00013422331539914012 0.0004410194815136492 0.0001917476038215682 0.0005273059359751642 7.190534961409867e-05 0.0 0.0754817244762726 -0.7265655821968342 0.25587196780195137 1.8911757814780519 0.02328894435923167 0.12856406646565455
4173.272 1.4359772205352783 -0.04641181627382451 -0.417518440877096 -2.3488929907428187 -1.3447282950030726 0.00011984225420746952 0.00013422331539914012 0.0004410194815136492 0.0001917476038215682 0.0004793690168298781 7.190534961409867e-05 0.0 0.07547568400757446 -0.7265708085269902 0.2558408918745951 1.8912345673238387 0.023242915754476633 0.12860139002677692
4173.28 1.4359891414642334 -0.04633981386293584 -0.41754228273500615 -2.3489049116717737 -1.3447049299823206 5.992112710373476e-05 0.00013422331539914012 0.0014764565275982022 0.0001917476038215682 0.00045540055725723505 7.190534961409867e-05 0.0 0.07548979224979938 -0.726574679656335 0.25580467688450403 1.8912668108434263 0.023321075938979384 0.1285964030470969
4173.288 1.4359891414642334 -0.04638797441591436 -0.417518440877096 -2.348929230366842 -1.3447049299823206 7.190534961409867e-05 0.00013422331539914012 0.0031638354994356632 0.00016777915880084038 0.00043143212678842247 7.190534961409867e-05 0.0 0.0754901774175181 -0.7265719890198998 0.2558344490227587 1.8912195236499088 0.023317060002205736 0.12859682391545446
4173.295999999999 1.4359532594680786 -0.046315972005025685 -0.41755420366396123 -2.3488810698138636 -1.3447049299823206 5.992112710373476e-05 0.00013422331539914012 0.004295146092772484 0.00016777915880084038 0.0004074636672157794 7.190534961409867e-05 0.0 0.07546355632690671 -0.7265786649388963 0.25578673893418846 1.891301517841779 0.023281816458386614 0.12857766331096815
4173.304 1.4359651803970337 -0.04625589052309209 -0.41749412218202764 -2.3488929907428187 -1.3447049299823206 4.793690095539205e-05 0.00013422331539914012 0.005177185405045748 0.00016777915880084038 0.0003834952076431364 7.190534961409867e-05 0.0 0.07547070473089443 -0.7265894638266206 0.25571936928178407 1.8914073320413485 0.023288143314435832 0.12859509961899182
4173.312 1.436001181602478 -0.046207729970113576 -0.4175060431109827 -2.3488810698138636 -1.344764534627096 8.388957940042019e-05 0.00013422331539914012 0.006250971928238869 -0.0 0.00035952674807049334 7.190534961409867e-05 0.0 0.07548039083488292 -0.7265918566254784 0.25568621308259154 1.8914596907341261 0.023240366585956376 0.128595480136156
4173.32 1.436013102531433 -0.04612428346742803 -0.4175303618060511 -2.3488929907428187 -1.3447163740741175 8.388957940042019e-05 0.00013422331539914012 0.007037137169390917 -0.0 0.00035952674807049334 7.190534961409867e-05 0.0 0.07550097217305252 -0.7265963145734644 0.25564261403035893 1.8915031824111328 0.02327708819564338 0.12865659350717298
4173.3279999999995 1.436013102531433 -0.04608804384340459 -0.41748172441591436 -2.348832909260885 -1.3447163740741175 8.388957940042019e-05 0.00013422331539914012 0.00768907880410552 -0.0 0.00033555831760168076 7.190534961409867e-05 0.0 0.07550007102376008 -0.7266042371941489 0.2555776484056519 1.8916452874450191 0.02325565768642038 0.12868012126740783
4173.336 1.4360251426696777 -0.046064201985494435 -0.41749412218202764 -2.3488572279559534 -1.3447163740741175 9.58738019107841e-05 0.00013422331539914012 0.008245146833360195 -0.0 0.0003115898580290377 7.190534961409867e-05 0.0 0.07550855983115702 -0.7266047390358588 0.25557321106714936 1.8916331811116427 0.02325746784841814 0.12869433021175194
4173.344 1.4360491037368774 -0.04595643678774053 -0.4175060431109827 -2.3488572279559534 -1.3447163740741175 9.58738019107841e-05 0.00013422331539914012 0.00920388475060463 -0.0 0.0003115898580290377 7.190534961409867e-05 0.0 0.07552456363152732 -0.7266129016888392 0.2555022768860152 1.8917273733636881 0.023265547187297033 0.12872593853237055
4173.352 1.4360251426696777 -0.045896355305806935 -0.4174698034869593 -2.348832909260885 -1.3447402159320276 9.58738019107841e-05 0.00013422331539914012 0.009491506032645702 -0.0 0.00028762139845639467 7.190534961409867e-05 0.0 0.07549959597781444 -0.7266245914276075 0.25543552936794095 1.8918468302756124 0.023208636342591446 0.12870651109977982
4173.36 1.4360371828079224 -0.045836750661031544 -0.4174698034869593 -2.3488691488849085 -1.3447049299823206 9.58738019107841e-05 0.00013422331539914012 0.009625730104744434 -0.0 0.00028762139845639467 7.190534961409867e-05 0.0 0.07551685670405414 -0.7266291659553568 0.255403949611391 1.8918677176848295 0.02324025818152256 0.12875173494686784
4173.3679999999995 1.4360251426696777 -0.04571658769716436 -0.417518440877096 -2.3488810698138636 -1.3447049299823206 4.793690095539205e-05 0.00013422331539914012 0.009970875456929207 -0.0 0.00028762139845639467 7.190534961409867e-05 0.0 0.07550688747724332 -0.7266380094816516 0.2553446198634637 1.891924433249166 0.023264893641749294 0.12872012271772307
4173.376 1.4360371828079224 -0.045668903981344044 -0.4174698034869593 -2.348832909260885 -1.3447521368609827 7.190534961409867e-05 0.00013422331539914012 0.010641992092132568 -0.0 0.00028762139845639467 7.190534961409867e-05 0.0 0.07550193026068636 -0.7266472366422974 0.25527382740029264 1.8920698329216652 0.02320006627163877 0.12872341803097115
4173.384 1.4360371828079224 -0.04553682008852178 -0.41743404070009404 -2.3488691488849085 -1.3447163740741175 4.793690095539205e-05 0.00013422331539914012 0.011083011515438557 -0.0 0.00028762139845639467 7.190534961409867e-05 0.0 0.07550916957521596 -0.7266633627462389 0.25517413026275304 1.8921958728433694 0.023226992570177935 0.1287619619695774
4173.392 1.436013102531433 -0.04544097581972295 -0.41742211977113897 -2.3488691488849085 -1.3447282950030726 7.190534961409867e-05 0.00013422331539914012 0.011581555008888245 -0.0 0.00028762139845639467 7.190534961409867e-05 0.0 0.07548700205941208 -0.7266763166240648 0.25510028522959266 1.8923027820823703 0.023157110667067434 0.12876786058100162
4173.4 1.4360371828079224 -0.04536897340883428 -0.4174698034869593 -2.3487966696368616 -1.3447163740741175 0.00011984225420746952 0.00013422331539914012 0.011274758726358414 -0.0 0.00028762139845639467 7.190534961409867e-05 0.0 0.0755073206766931 -0.7266769804459509 0.2550516744409425 1.892398806843732 0.023128260356234654 0.12884377183193166
4173.407999999999 1.4360251426696777 -0.04527312914003545 -0.4174101988421839 -2.348832909260885 -1.3447163740741175 5.992112710373476e-05 0.00013422331539914012 0.009721603244543076 -0.0 0.00028762139845639467 7.190534961409867e-05 0.0 0.07549651629108504 -0.726693222481579 0.25496583242401966 1.8925135328137932 0.023155440225305735 0.12881385099637604
4173.416 1.436001181602478 -0.045224968587056935 -0.4174578825580042 -2.348832909260885 -1.3447282950030726 8.388957940042019e-05 0.00013422331539914012 0.008877914398908615 -0.0 0.00028762139845639467 7.190534961409867e-05 0.0 0.07547573389495149 -0.7266958820141204 0.25495363089654033 1.89251527996266 0.02310172743826419 0.1288024663859136
4173.424 1.4360371828079224 -0.04511720338930303 -0.41742211977113897 -2.348809067402975 -1.3447163740741175 7.190534961409867e-05 0.00013422331539914012 0.008264321833848953 -0.0 0.00028762139845639467 4.793690095539205e-05 0.0 0.07550323784905932 -0.7267070381050483 0.2548541267262484 1.892678590090379 0.02313012871370209 0.12885707716489841
4173.432 1.4360491037368774 -0.04506904283632451 -0.41743404070009404 -2.348809067402975 -1.3447282950030726 4.793690095539205e-05 0.00013422331539914012 0.006653641816228628 -0.0 0.00028762139845639467 4.793690095539205e-05 0.0 0.07550815808552383 -0.7267102250193054 0.2548252468695944 1.8927141590550864 0.023150436078992954 0.12884331990509235
4173.44 1.4360606670379639 -0.04503328004945928 -0.41738588014711553 -2.34882098833193 -1.3446806112872522 7.190534961409867e-05 0.00015339808305725455 0.005963350646197796 -0.0 0.00028762139845639467 4.793690095539205e-05 0.0 0.07552827782263455 -0.7267163701571496 0.25478168390275047 1.892782762551575 0.023160308177271834 0.12892434170334496
4173.447999999999 1.436120629310608 -0.044997517262594044 -0.41743404070009404 -2.3487966696368616 -1.3447402159320276 5.992112710373476e-05 0.00015339808305725455 0.0049279131926596165 -0.0 0.00028762139845639467 4.793690095539205e-05 0.0 0.07555596660355164 -0.7267123162624872 0.254770801918378 1.8927982673424781 0.02318604200496819 0.12890241511629424
4173.456 1.436120629310608 -0.044997517262594044 -0.4174101988421839 -2.348809067402975 -1.3447402159320276 5.992112710373476e-05 0.0020133499056100845 0.0028570392169058323 0.00043143212678842247 0.00028762139845639467 4.793690095539205e-05 0.0 0.07555569179270395 -0.7267145249125261 0.25476310116581175 1.8928094795463428 0.02318431455456738 0.1289042931397443
4173.464 1.4361566305160522 -0.044973198567525685 -0.41743404070009404 -2.3487728277789515 -1.3447402159320276 9.58738019107841e-05 0.003451456781476736 0.0028570392169058323 0.00043143212678842247 0.00028762139845639467 4.793690095539205e-05 0.0 0.07558183710480726 -0.7267119736852685 0.2547469640815422 1.8928470417032632 0.023178951725444007 0.12895923997416184
4173.472 1.436192512512207 -0.044997517262594044 -0.4173978010760706 -2.348809067402975 -1.3447163740741175 8.388957940042019e-05 0.0032213598024100065 0.002147573046386242 0.00043143212678842247 0.00028762139845639467 4.793690095539205e-05 0.0 0.07561417543254076 -0.7267096963698657 0.25475781874160347 1.8928217117439217 0.023244065989447404 0.12899424611071464
4173.48 1.436192512512207 -0.04498511949648076 -0.41738588014711553 -2.348809067402975 -1.3447282950030726 9.58738019107841e-05 0.002972087822854519 0.0014381069922819734 0.00043143212678842247 0.00028762139845639467 4.793690095539205e-05 0.0 0.07561068947427968 -0.7267122960420909 0.2547432080280613 1.8928466683986949 0.0232209744170766 0.12899505716972215
4173.487999999999 1.4361685514450073 -0.04492503801454717 -0.4174101988421839 -2.3487966696368616 -1.3447163740741175 5.992112710373476e-05 0.0023584954906255007 0.001073786523193121 0.00043143212678842247 0.00028762139845639467 4.793690095539205e-05 0.0 0.07559589684955248 -0.7267177139931338 0.25470872771861564 1.8928917252593325 0.02323309511192326 0.12897313707674996
4173.496 1.4361685514450073 -0.04498511949648076 -0.41738588014711553 -2.3487966696368616 -1.3447402159320276 8.388957940042019e-05 0.0015339808305725455 0.000862864195369184 0.00043143212678842247 0.00028762139845639467 4.793690095539205e-05 0.0 0.07559011591839052 -0.7267143148091711 0.254739540056627 1.892858904530467 0.023199721271872992 0.12896128195248802
4173.504 1.436120629310608 -0.044973198567525685 -0.41738588014711553 -2.3487847487079065 -1.3447402159320276 0.000107858024421148 0.0011313108261674643 0.0007286408799700439 0.00043143212678842247 0.00028762139845639467 4.793690095539205e-05 0.0 0.07555514752661056 -0.7267191006746557 0.2547277903385945 1.8928825919710617 0.023128133454962833 0.12894879666280268
4173.512 1.4361087083816528 -0.04494935670961553 -0.41737395921816045 -2.3487966696368616 -1.3447163740741175 5.992112710373476e-05 0.0009012137306854129 0.0006135923322290182 0.00043143212678842247 0.00028762139845639467 4.793690095539205e-05 0.0 0.07555237307740283 -0.7267230392247951 0.254709091119395 1.8929028035966575 0.023174767196682624 0.12893437921699982
4173.5199999999995 1.4360727071762085 -0.04494935670961553 -0.4173381964312952 -2.3487966696368616 -1.3447049299823206 7.190534961409867e-05 0.0007478156476281583 0.0005368932615965605 0.00043143212678842247 0.00028762139845639467 4.793690095539205e-05 0.0 0.07552889735331055 -0.7267287450929681 0.25469265216463133 1.8929371989854702 0.023131832038369004 0.1289346901711171
4173.528 1.4360847473144531 -0.04494935670961553 -0.41732627550234014 -2.3487966696368616 -1.3447402159320276 7.190534961409867e-05 0.0006327670998871326 0.0004793690168298781 0.00043143212678842247 0.00028762139845639467 4.793690095539205e-05 0.0 0.07552808905262266 -0.726729678216056 0.2546863530515385 1.892951137118613 0.023117470613804467 0.12891143344058473
4173.536 1.4360606670379639 -0.04496127763857061 -0.4173620382892054 -2.3487728277789515 -1.3447163740741175 8.388957940042019e-05 0.0005560680292546749 0.0004410194815136492 0.00043143212678842247 0.00028762139845639467 4.793690095539205e-05 0.0 0.07551755505311214 -0.7267264338165644 0.25470542106086486 1.892926490402015 0.023103185658059928 0.1289218971654285
4173.544 1.4360966682434082 -0.04494935670961553 -0.4173501173602503 -2.3487728277789515 -1.3447049299823206 9.58738019107841e-05 0.0004985437844879925 0.0003834952076431364 0.0006950850947760046 0.00028762139845639467 4.793690095539205e-05 0.0 0.07554648558853666 -0.7267257578714945 0.25469163831191766 1.8929499308142084 0.023130137040785714 0.12896930141225926
4173.552 1.4361087083816528 -0.04493743578066045 -0.4173620382892054 -2.3487489859210413 -1.3447402159320276 8.388957940042019e-05 0.0004410194815136492 0.00036432043998502195 0.0006950850947760046 0.00028762139845639467 4.793690095539205e-05 0.0 0.07554580847447329 -0.7267256487615763 0.2546814218965231 1.8929751647477495 0.02312537047281121 0.1289397644762261
4173.5599999999995 1.4361087083816528 -0.04492503801454717 -0.4173019568072718 -2.3487609068499964 -1.3447163740741175 4.793690095539205e-05 0.0004026699753012508 0.00032597093377262354 0.0006950850947760046 0.00028762139845639467 4.793690095539205e-05 0.0 0.07555135737876745 -0.7267318750616341 0.254648386130222 1.8930318803541837 0.023166558821353003 0.12894769398772582
4173.568 1.4360966682434082 -0.04494935670961553 -0.41732627550234014 -2.3487489859210413 -1.3447163740741175 7.190534961409867e-05 0.00036432043998502195 0.0003067961661145091 0.0006950850947760046 0.00028762139845639467 4.793690095539205e-05 0.0 0.07554322865832123 -0.7267280622614487 0.25467370576384324 1.8929965704513336 0.023138038607403235 0.1289499071005778
4173.576 1.4360727071762085 -0.04493743578066045 -0.4172781149493616 -2.3487489859210413 -1.3447049299823206 8.388957940042019e-05 0.00032597093377262354 0.00028762139845639467 0.0006950850947760046 0.00028762139845639467 4.793690095539205e-05 0.0 0.07552820584863883 -0.7267351905563565 0.2546430215749799 1.893054923395826 0.023102853856956915 0.12896235903953243
4173.584 1.4361087083816528 -0.04496127763857061 -0.41732627550234014 -2.3487609068499964 -1.3447282950030726 9.58738019107841e-05 0.0003067961661145091 0.00026844663079828024 0.0006950850947760046 0.00028762139845639467 4.793690095539205e-05 0.0 0.07554893385554168 -0.7267262477937023 0.254685205688677 1.8929748355720901 0.023122194083863186 0.12895931998785665
4173.592 1.4361087083816528 -0.04490119615663701 -0.41732627550234014 -2.3487609068499964 -1.3447402159320276 7.190534961409867e-05 0.00028762139845639467 0.00024927189224399626 0.0006950850947760046 0.0002636529679875821 4.793690095539205e-05 0.0 0.07554490023281821 -0.7267326186991903 0.2546423019112246 1.8930336540010309 0.023127647832956993 0.12894128744556516
4173.599999999999 1.436120629310608 -0.04494935670961553 -0.4172900358783167 -2.348725144063131 -1.3447163740741175 5.992112710373476e-05 0.00026844663079828024 0.00023009712458588183 0.0006950850947760046 0.0002636529679875821 4.793690095539205e-05 0.0 0.0755603157408518 -0.7267294282386875 0.2546502309738619 1.893055310378974 0.023163233867777463 0.12896788202162748
4173.608 1.4361445903778076 -0.04492503801454717 -0.41725427309145147 -2.3487609068499964 -1.3447402159320276 9.58738019107841e-05 0.00024927189224399626 0.00023009712458588183 0.0006950850947760046 0.0002636529679875821 4.793690095539205e-05 0.0 0.0755705636285055 -0.7267339903053095 0.2546256474712132 1.8930820147642273 0.023131899577762644 0.128990051013125
4173.616 1.4361566305160522 -0.04487735429872686 -0.4172781149493616 -2.3487370649920862 -1.3447282950030726 7.190534961409867e-05 0.00023009712458588183 0.00023009712458588183 0.0006950850947760046 0.0002636529679875821 4.793690095539205e-05 0.0 0.07558212852949397 -0.7267354159897407 0.25459659070871477 1.893127369438995 0.02316691339453276 0.12900081109389278
4173.624 1.4361326694488525 -0.044913593922750294 -0.4172900358783167 -2.3487370649920862 -1.3447049299823206 7.190534961409867e-05 0.00023009712458588183 0.00023009712458588183 0.0006950850947760046 0.0002636529679875821 4.793690095539205e-05 0.0 0.07557159618906692 -0.7267319579254403 0.2546283683222297 1.8930785066908782 0.023167379224930465 0.1289988673374605
4173.632 1.4361087083816528 -0.044889275227681935 -0.4172900358783167 -2.3487370649920862 -1.3447163740741175 9.58738019107841e-05 0.0002109223569277674 0.00023009712458588183 0.0006950850947760046 0.0002636529679875821 4.793690095539205e-05 0.0 0.07555078074459555 -0.7267364896113955 0.25461086357757073 1.8931035914923786 0.023110538576529446 0.12899191891705486
4173.639999999999 1.4361087083816528 -0.044889275227681935 -0.41726619402040654 -2.348700825368063 -1.3447402159320276 7.190534961409867e-05 0.0002109223569277674 0.00023009712458588183 0.0006711166352033615 0.0014141385909169912 4.793690095539205e-05 0.0 0.07554423611706428 -0.7267390076659437 0.25458925250074765 1.8931631369063304 0.02310821086971248 0.12896280335038116
4173.648 1.4361326694488525 -0.04493743578066045 -0.4172900358783167 -2.3485687414752405 -1.3447282950030726 7.190534961409867e-05 0.0001917476038215682 0.00023009712458588183 0.0005992112564854324 0.020133499056100845 4.793690095539205e-05 0.0 0.07556604594690775 -0.7267293296018019 0.2545983960360681 1.8932215893377489 0.023130646181768078 0.12900035598903492
4173.656 1.4360966682434082 -0.04493743578066045 -0.4172423521624964 -2.348388973866598 -1.3447282950030726 0.00011984225420746952 0.0001917476038215682 0.00023009712458588183 0.0005752427969127893 0.022650185972452164 4.793690095539205e-05 0.0 0.07553977385594657 -0.726735587807996 0.254526593458793 1.893445813805853 0.023017994200219178 0.12904557678624878
4173.664 1.4360606670379639 -0.04494935670961553 -0.4172781149493616 -2.3482206503497522 -1.3447402159320276 9.58738019107841e-05 0.00017257283616345376 0.00023009712458588183 0.0005273059359751642 0.021811289712786674 4.793690095539205e-05 0.0 0.07551132588603793 -0.7267333990527435 0.25450507700501834 1.8935636738846315 0.022981114488634605 0.12901308764089053
4173.672 1.4361326694488525 -0.044889275227681935 -0.41726619402040654 -2.3480284849749964 -1.3447282950030726 4.793690095539205e-05 0.00017257283616345376 0.00023009712458588183 0.0005033374764025211 0.019414445385336876 4.793690095539205e-05 0.0 0.07556628706575726 -0.7267340372829478 0.2544041318097792 1.893821088483973 0.02306396264211215 0.12908364177641724
4173.679999999999 1.4361087083816528 -0.044889275227681935 -0.41726619402040654 -2.347908322011129 -1.3447049299823206 8.388957940042019e-05 0.00015339808305725455 0.00023009712458588183 0.00045540055725723505 0.01828792877495289 4.793690095539205e-05 0.0 0.07555538150232424 -0.7267348101215321 0.25437149297949074 1.893938442753635 0.023005641731392804 0.12913353119083998
4173.688 1.4360966682434082 -0.04487735429872686 -0.4172423521624964 -2.347788159047262 -1.3447049299823206 5.992112710373476e-05 0.00015339808305725455 0.00023009712458588183 0.00043143212678842247 0.015291871502995491 4.793690095539205e-05 0.0 0.07554647847247214 -0.726738540939679 0.25431878077402476 1.8940903942965668 0.022994113963392186 0.12913438373271768
4173.696 1.4361087083816528 -0.04496127763857061 -0.41726619402040654 -2.34767991701235 -1.3447402159320276 0.000107858024421148 0.00015339808305725455 0.00023009712458588183 0.0004074636672157794 0.015795208513736725 4.793690095539205e-05 0.0 0.07554745625285486 -0.7267272510138966 0.254358895568786 1.8940947433811135 0.022936689365957195 0.12914214602261712
4173.704 1.4361685514450073 -0.04490119615663701 -0.4172304312335413 -2.347572151814596 -1.3447282950030726 7.190534961409867e-05 0.00015339808305725455 0.00023009712458588183 0.0003834952076431364 0.012942963279783726 4.793690095539205e-05 0.0 0.07559315453735427 -0.7267312969959853 0.2542701015956068 1.8942930487791385 0.023005435772512194 0.12920272414143058
4173.7119999999995 1.4361685514450073 -0.04490119615663701 -0.4172900358783167 -2.347475830708639 -1.3447282950030726 9.58738019107841e-05 0.00013422331539914012 0.00023009712458588183 0.0003834952076431364 0.010426276363432407 4.793690095539205e-05 0.0 0.07559398215941662 -0.7267254934073323 0.25427134378736066 1.8943298674074285 0.02297756305552926 0.12922500134838394
4173.72 1.436120629310608 -0.04492503801454717 -0.4172781149493616 -2.3474043051349085 -1.3447402159320276 9.58738019107841e-05 0.00013422331539914012 0.00023009712458588183 0.00035952674807049334 0.007837682962417603 4.793690095539205e-05 0.0 0.07555633648327804 -0.7267277041359931 0.2542627394772847 1.8943885407826895 0.022915513595588348 0.1291908535505808
4173.728 1.4361445903778076 -0.04494935670961553 -0.4172781149493616 -2.347391907368795 -1.3447163740741175 8.388957940042019e-05 0.00013422331539914012 0.00023009712458588183 0.00033555831760168076 0.007190535310655832 4.793690095539205e-05 0.0 0.07558049227123248 -0.7267228560026847 0.25427708759549517 1.8943752622471932 0.022967654623618113 0.1292197419229579
4173.736 1.4361326694488525 -0.044913593922750294 -0.4172900358783167 -2.347391907368795 -1.344764534627096 8.388957940042019e-05 0.00013422331539914012 0.00023009712458588183 0.00033555831760168076 0.0038109836168587208 4.793690095539205e-05 0.0 0.0755585746019161 -0.7267273508468063 0.2542562447992295 1.894401429600249 0.02291996996201 0.12916974441532567
4173.744 1.436120629310608 -0.044913593922750294 -0.4172423521624964 -2.347344223652975 -1.3447049299823206 7.190534961409867e-05 0.00011504856229294091 0.00023009712458588183 0.0003115898580290377 0.003403519978746772 4.793690095539205e-05 0.0 0.07556537141822214 -0.7267310429998899 0.2542221137496291 1.8944907852223432 0.022946414072758877 0.1292254350764942
4173.7519999999995 1.4361326694488525 -0.04493743578066045 -0.4173019568072718 -2.3473079840289515 -1.3447163740741175 7.190534961409867e-05 0.00011504856229294091 0.00023009712458588183 0.00028762139845639467 0.003403519978746772 4.793690095539205e-05 0.0 0.07557209248628771 -0.7267224353895612 0.254256605735501 1.8944453448239411 0.02295722580711513 0.129215139499377
4173.76 1.4361087083816528 -0.04487735429872686 -0.4172423521624964 -2.347271744404928 -1.3447049299823206 4.793690095539205e-05 0.00011504856229294091 0.00023009712458588183 0.00028762139845639467 0.0029241510201245546 4.793690095539205e-05 0.0 0.07555635902772188 -0.7267352799814624 0.25417640312709183 1.894596454196969 0.02294177262113226 0.12921859264710142
4173.768 1.4361566305160522 -0.04487735429872686 -0.4172900358783167 -2.347283665333883 -1.3447402159320276 7.190534961409867e-05 0.00011504856229294091 0.0002109223569277674 0.00028762139845639467 0.002684466540813446 4.793690095539205e-05 0.0 0.07558221867940047 -0.7267281883473092 0.254201185725816 1.8945414577318522 0.022949304292001618 0.12922437738308148
4173.776 1.4361326694488525 -0.04490119615663701 -0.41725427309145147 -2.347271744404928 -1.3447282950030726 8.388957940042019e-05 0.00011504856229294091 0.0002109223569277674 0.0002636529679875821 0.002684466540813446 4.793690095539205e-05 0.0 0.07556798320230315 -0.7267304886066979 0.2541983971662733 1.8945642564449983 0.022919940732953194 0.1292314992804825
4173.784 1.4361445903778076 -0.04486543336977178 -0.41725427309145147 -2.347271744404928 -1.3447402159320276 9.58738019107841e-05 9.58738019107841e-05 0.0001917476038215682 0.0002636529679875821 0.002684466540813446 4.793690095539205e-05 0.0 0.07557295797364559 -0.7267334672967548 0.25417275681442203 1.8946005553130854 0.02290635641590532 0.1292421976007894
4173.7919999999995 1.4361326694488525 -0.04490119615663701 -0.4172781149493616 -2.347235981618063 -1.3447402159320276 5.992112710373476e-05 9.58738019107841e-05 0.0001917476038215682 0.00023968450841493905 0.002181129064410925 4.793690095539205e-05 0.0 0.07556512127579901 -0.7267284368980005 0.25419940560504756 1.894575880105856 0.022932870877306 0.12920580374404092
4173.8 1.4361566305160522 -0.044913593922750294 -0.4172781149493616 -2.347235981618063 -1.3447402159320276 4.793690095539205e-05 9.58738019107841e-05 0.00017257283616345376 0.00023968450841493905 0.002181129064410925 4.793690095539205e-05 0.0 0.07558270827865579 -0.7267253703854962 0.25420820720893933 1.8945635752835002 0.0229688070017459 0.12921198111036125
4173.808 1.4361445903778076 -0.04493743578066045 -0.4172781149493616 -2.3471997419940394 -1.3446930090533655 8.388957940042019e-05 9.58738019107841e-05 0.00017257283616345376 0.00023968450841493905 0.002181129064410925 4.793690095539205e-05 0.0 0.07558699336417046 -0.7267226759240182 0.25421613569517754 1.894573946364391 0.02295377523664512 0.12927510713251023
4173.816 1.4361087083816528 -0.04487735429872686 -0.41721851030458623 -2.3472121397601526 -1.3447282950030726 8.388957940042019e-05 9.58738019107841e-05 0.00015339808305725455 0.00021571606339421123 0.002181129064410925 4.793690095539205e-05 0.0 0.07554999685247313 -0.7267376532942045 0.2541483584967428 1.8946808730492495 0.022879648705188556 0.12923455035822196
4173.824 1.4361566305160522 -0.04493743578066045 -0.4172781149493616 -2.347163979207174 -1.3447282950030726 8.388957940042019e-05 9.58738019107841e-05 0.00015339808305725455 0.00021571606339421123 0.0019414444686844945 4.793690095539205e-05 0.0 0.07558638797026582 -0.726722364700433 0.25420553287129327 1.8946112738682135 0.022936009219008516 0.12925569325718342
4173.831999999999 1.4361445903778076 -0.044913593922750294 -0.4172423521624964 -2.347163979207174 -1.3447163740741175 8.388957940042019e-05 9.58738019107841e-05 0.00015339808305725455 0.00021571606339421123 0.0018455707468092442 4.793690095539205e-05 0.0 0.07558012116519312 -0.7267286474660762 0.25417217882690746 1.8946688496349005 0.02292378128269248 0.12926844865945217
4173.84 1.4361326694488525 -0.044913593922750294 -0.41721851030458623 -2.347152058278219 -1.3447163740741175 4.793690095539205e-05 9.58738019107841e-05 0.00015339808305725455 0.00021571606339421123 0.0018455707468092442 4.793690095539205e-05 0.0 0.07557123763894413 -0.726731636771134 0.25415777282570484 1.8947025887830684 0.022941269876899244 0.12924168331228464
4173.848 1.4361445903778076 -0.04486543336977178 -0.41725427309145147 -2.347116295491354 -1.3447282950030726 9.58738019107841e-05 7.669904152862728e-05 0.00013422331539914012 0.0001917476038215682 0.0018455707468092442 4.793690095539205e-05 0.0 0.07557648730238885 -0.7267324870944731 0.25413014991615435 1.894752247886456 0.022891849038224492 0.12927882804806712
4173.856 1.4361326694488525 -0.04490119615663701 -0.41726619402040654 -2.347140137349264 -1.3447521368609827 8.388957940042019e-05 7.669904152862728e-05 0.00013422331539914012 0.0001917476038215682 0.0018455707468092442 4.793690095539205e-05 0.0 0.07556202170529518 -0.726729323005389 0.2541671702090746 1.8946830561103123 0.02288636956304277 0.12922839951081994
4173.864 1.4361087083816528 -0.044913593922750294 -0.4172423521624964 -2.347152058278219 -1.3447049299823206 9.58738019107841e-05 7.669904152862728e-05 0.00013422331539914012 0.0001917476038215682 0.001701759989373386 4.793690095539205e-05 0.0 0.07555713052034191 -0.7267310559039376 0.25416913319098133 1.8946798724616711 0.022884470812427088 0.1292649611079082
4173.871999999999 1.4361445903778076 -0.044913593922750294 -0.4172781149493616 -2.3471038977252405 -1.3447163740741175 8.388957940042019e-05 7.669904152862728e-05 0.00013422331539914012 0.0001917476038215682 0.001390170189552009 2.3968450477696024e-05 0.0 0.07558062316990176 -0.7267251523357005 0.25417229312037076 1.894692706836897 0.022920341329271288 0.12927239140598124
4173.88 1.4361445903778076 -0.04492503801454717 -0.41726619402040654 -2.3471038977252405 -1.3447521368609827 7.190534961409867e-05 7.669904152862728e-05 0.00011504856229294091 0.0001917476038215682 0.0013662016717717052 2.3968450477696024e-05 0.0 0.07557109900773296 -0.7267258397070502 0.25417410493487413 1.8946949428782232 0.022907366866138187 0.1292304529144574
4173.888 1.4361326694488525 -0.04492503801454717 -0.41726619402040654 -2.3471038977252405 -1.3447402159320276 5.992112710373476e-05 7.669904152862728e-05 0.00011504856229294091 0.00016777915880084038 0.0013662016717717052 2.3968450477696024e-05 0.0 0.0755656228788903 -0.726726482560647 0.2541743559508882 1.8946936996336043 0.022915519456583974 0.12922546973840732
4173.896 1.4361326694488525 -0.04486543336977178 -0.41725427309145147 -2.347067658101217 -1.3447049299823206 5.992112710373476e-05 7.669904152862728e-05 0.00011504856229294091 0.00016777915880084038 0.0013662016717717052 2.3968450477696024e-05 0.0 0.07557417796322535 -0.7267326549356741 0.2541172326201705 1.8947972023781137 0.022923403567010597 0.12927629576090444
4173.9039999999995 1.4361087083816528 -0.04486543336977178 -0.4172781149493616 -2.347079579030172 -1.3446930090533655 9.58738019107841e-05 7.669904152862728e-05 0.00011504856229294091 0.00016777915880084038 0.0013662016717717052 2.3968450477696024e-05 0.0 0.0755601719200533 -0.7267321201713453 0.2541318897221587 1.8947623706644785 0.022880009631373835 0.12928991982519739
4173.912 1.4361685514450073 -0.04490119615663701 -0.41721851030458623 -2.347079579030172 -1.3447049299823206 8.388957940042019e-05 7.669904152862728e-05 0.00011504856229294091 0.00016777915880084038 0.0013662016717717052 2.3968450477696024e-05 0.0 0.07560035980616493 -0.7267295936405487 0.25412922952064165 1.8947866756727734 0.022936573748126906 0.1293152506126478
4173.92 1.4361087083816528 -0.04493743578066045 -0.41726619402040654 -2.347067658101217 -1.3447049299823206 7.190534961409867e-05 7.669904152862728e-05 9.58738019107841e-05 0.00016777915880084038 0.0013662016717717052 2.3968450477696024e-05 0.0 0.0755578972655791 -0.7267261054530176 0.25417390923266087 1.8947150911493416 0.02290204874617925 0.12925468279639488
4173.928 1.436120629310608 -0.044913593922750294 -0.41725427309145147 -2.347055737172262 -1.3447282950030726 9.58738019107841e-05 7.669904152862728e-05 9.58738019107841e-05 0.00016777915880084038 0.0011744541116058826 2.3968450477696024e-05 0.0 0.07555988254251127 -0.7267291403478433 0.2541476447500134 1.8947641686184225 0.022867649926024282 0.1292646827218215
4173.936 1.4361087083816528 -0.04492503801454717 -0.4173019568072718 -2.347055737172262 -1.3447402159320276 9.58738019107841e-05 5.752428114647046e-05 9.58738019107841e-05 0.00014381069922819734 0.0010066749528050423 2.3968450477696024e-05 0.0 0.07554868563931766 -0.7267248529591241 0.2541777567459625 1.894706814958856 0.022857056972801205 0.12923563735658566
4173.9439999999995 1.4361445903778076 -0.044913593922750294 -0.4172304312335413 -2.347067658101217 -1.3447402159320276 5.992112710373476e-05 5.752428114647046e-05 9.58738019107841e-05 0.00014381069922819734 0.0009108011145144701 2.3968450477696024e-05 0.0 0.07557383593309228 -0.7267297866482454 0.25413956096149104 1.8947756242439067 0.02291451148661357 0.12924717236289276
4173.952 1.4361566305160522 -0.04490119615663701 -0.41726619402040654 -2.347055737172262 -1.3447163740741175 8.388957940042019e-05 5.752428114647046e-05 9.58738019107841e-05 0.00014381069922819734 0.0008149273344315588 2.3968450477696024e-05 0.0 0.07558918217709433 -0.726726344809735 0.2541446538936078 1.8947638879106623 0.02292109832400986 0.12929237111433603
4173.96 1.4361445903778076 -0.044889275227681935 -0.4172423521624964 -2.347055737172262 -1.3447049299823206 7.190534961409867e-05 5.752428114647046e-05 9.58738019107841e-05 0.00014381069922819734 0.0007430219557136297 2.3968450477696024e-05 0.0 0.07558307847224005 -0.7267303568457357 0.25412531253949755 1.8947977248220538 0.0229234714006534 0.12929266007549933
4173.968 1.4361445903778076 -0.04486543336977178 -0.4172781149493616 -2.347043816243307 -1.3447402159320276 8.388957940042019e-05 5.752428114647046e-05 9.58738019107841e-05 0.00014381069922819734 0.0006950850947760046 2.3968450477696024e-05 0.0 0.07557370639308163 -0.726730263255418 0.2541210354426469 1.8948002695933013 0.022888092177542105 0.129267278712446
4173.976 1.4361566305160522 -0.044913593922750294 -0.4172781149493616 -2.347031895314352 -1.3447282950030726 7.190534961409867e-05 5.752428114647046e-05 9.58738019107841e-05 0.00014381069922819734 0.0006950850947760046 2.3968450477696024e-05 0.0 0.07558634457077001 -0.7267241648500312 0.25415219075900175 1.894763752618059 0.02292453169213299 0.1292728644546212
4173.9839999999995 1.436120629310608 -0.04490119615663701 -0.4172781149493616 -2.347019974385397 -1.3447282950030726 4.793690095539205e-05 5.752428114647046e-05 7.669904152862728e-05 0.00014381069922819734 0.0006950850947760046 2.3968450477696024e-05 0.0 0.07556003407978143 -0.7267280848359002 0.2541401025365338 1.894786426976575 0.022909499893579263 0.12923594373879796
4173.992 1.4361087083816528 -0.044913593922750294 -0.4172781149493616 -2.347043816243307 -1.3447163740741175 8.388957940042019e-05 5.752428114647046e-05 7.669904152862728e-05 0.00014381069922819734 0.0006950850947760046 2.3968450477696024e-05 0.0 0.0755546791493775 -0.7267275839719056 0.25415572848063417 1.8947512457935787 0.022877600555138267 0.12925774395084072
4174.0 1.436120629310608 -0.04487735429872686 -0.4172781149493616 -2.347043816243307 -1.3447163740741175 7.190534961409867e-05 5.752428114647046e-05 7.669904152862728e-05 0.00011984225420746952 0.0006950850947760046 2.3968450477696024e-05 0.0 0.07556283444139462 -0.7267303514894168 0.2541300007549069 1.8947864939044987 0.022894743438109225 0.12926349155138592
4174.008 1.436120629310608 -0.04487735429872686 -0.41726619402040654 -2.347031895314352 -1.3447402159320276 5.992112710373476e-05 5.752428114647046e-05 7.669904152862728e-05 0.00011984225420746952 0.0006950850947760046 2.3968450477696024e-05 0.0 0.07555636329846763 -0.7267318831517977 0.25412065222395125 1.8948109138215214 0.02288639762103313 0.12923662279850223
4174.016 1.436120629310608 -0.04490119615663701 -0.41725427309145147 -2.347043816243307 -1.3447402159320276 7.190534961409867e-05 5.752428114647046e-05 7.669904152862728e-05 0.00011984225420746952 0.0006950850947760046 2.3968450477696024e-05 0.0 0.07555654793461761 -0.7267305974968237 0.25413530540586937 1.8947879367057292 0.022878635697542334 0.12924098233745088
4174.023999999999 1.4361326694488525 -0.044889275227681935 -0.4172900358783167 -2.347043816243307 -1.3447402159320276 8.388957940042019e-05 5.752428114647046e-05 7.669904152862728e-05 0.00011984225420746952 0.0006950850947760046 2.3968450477696024e-05 0.0 0.0755655004223549 -0.7267276794248961 0.25414352131486845 1.8947650922684418 0.02288218207076958 0.12925340088938247
4174.032 1.4361326694488525 -0.04487735429872686 -0.4172423521624964 -2.347043816243307 -1.3447049299823206 3.5952674807049334e-05 5.752428114647046e-05 7.669904152862728e-05 0.00011984225420746952 0.0006950850947760046 2.3968450477696024e-05 0.0 0.07557427442572333 -0.7267324083782645 0.25411356280412867 1.8948197811681127 0.022942682478501963 0.12926390255737177
4174.04 1.436120629310608 -0.044829670582906544 -0.4172423521624964 -2.347043816243307 -1.3447282950030726 9.58738019107841e-05 5.752428114647046e-05 7.669904152862728e-05 0.00011984225420746952 0.0006950850947760046 2.3968450477696024e-05 0.0 0.07555860963762251 -0.7267386483533135 0.2540792179158374 1.894869804603194 0.022851402394637205 0.12928198414119554
4174.048 1.436120629310608 -0.04492503801454717 -0.41725427309145147 -2.347031895314352 -1.3447163740741175 4.793690095539205e-05 5.752428114647046e-05 7.669904152862728e-05 0.00011984225420746952 0.0006950850947760046 2.3968450477696024e-05 0.0 0.07556328265141289 -0.726727612519797 0.2541494471166986 1.8947740130158288 0.022919421309382175 0.1292453900879987
4174.056 1.4361566305160522 -0.04490119615663701 -0.41726619402040654 -2.347031895314352 -1.3447049299823206 4.793690095539205e-05 5.752428114647046e-05 7.669904152862728e-05 0.00011984225420746952 0.0006950850947760046 2.3968450477696024e-05 0.0 0.07559229436871216 -0.7267259855814169 0.2541383217029466 1.894785375766399 0.022959457504650522 0.12928261744150887
4174.063999999999 1.4361087083816528 -0.04490119615663701 -0.41726619402040654 -2.347031895314352 -1.3447163740741175 8.388957940042019e-05 5.752428114647046e-05 7.669904152862728e-05 0.00011984225420746952 0.0006471481756307185 2.3968450477696024e-05 0.0 0.07555440839122426 -0.726729854952769 0.25413808063024523 1.894786770408324 0.02287221737270692 0.1292636177017522
4174.072 1.4361445903778076 -0.04486543336977178 -0.4172781149493616 -2.347031895314352 -1.3447402159320276 5.992112710373476e-05 5.752428114647046e-05 5.752428114647046e-05 0.00011984225420746952 0.0005992112564854324 2.3968450477696024e-05 0.0 0.07557373269425026 -0.7267302074431841 0.25411774879649524 1.8948111620545163 0.02290906012123539 0.12925289711080473
4174.08 1.436120629310608 -0.04490119615663701 -0.4172900358783167 -2.347019974385397 -1.3447163740741175 8.388957940042019e-05 5.752428114647046e-05 5.752428114647046e-05 0.00011984225420746952 0.0005512743955478072 2.3968450477696024e-05 0.0 0.07556334442268585 -0.726726755183634 0.25414591327151625 1.8947752139382783 0.022885312574003183 0.12926978027633795
4174.088 1.4361087083816528 -0.044889275227681935 -0.41725427309145147 -2.347043816243307 -1.3447402159320276 8.388957940042019e-05 5.752428114647046e-05 5.752428114647046e-05 9.58738019107841e-05 0.0005033374764025211 2.3968450477696024e-05 0.0 0.07554771753433392 -0.7267327046696671 0.2541268422958949 1.8947998966306145 0.022854177441892245 0.129242930160999
4174.096 1.4361326694488525 -0.04490119615663701 -0.4172304312335413 -2.347055737172262 -1.3447521368609827 8.388957940042019e-05 3.834952076431364e-05 5.752428114647046e-05 9.58738019107841e-05 0.0004793690168298781 2.3968450477696024e-05 0.0 0.07556183805898484 -0.7267321445162408 0.2541272215778647 1.8948008607909748 0.02286879840927916 0.1292480016473033
4174.103999999999 1.4361326694488525 -0.044913593922750294 -0.41720611253847295 -2.347043816243307 -1.3447282950030726 9.58738019107841e-05 3.834952076431364e-05 5.752428114647046e-05 9.58738019107841e-05 0.00045540055725723505 2.3968450477696024e-05 0.0 0.07556816104194407 -0.72673250377885 0.2541218969871336 1.8948231838351475 0.022870191263214937 0.1292827021051343
4174.112 1.436120629310608 -0.04490119615663701 -0.4172781149493616 -2.347031895314352 -1.3447521368609827 9.58738019107841e-05 3.834952076431364e-05 5.752428114647046e-05 9.58738019107841e-05 0.00043143212678842247 2.3968450477696024e-05 0.0 0.07555363354445918 -0.7267286564318226 0.25414288701762017 1.8947777751862849 0.02284963406919036 0.12924405096365343
4174.12 1.4361326694488525 -0.04487735429872686 -0.41725427309145147 -2.3470080534564417 -1.3447163740741175 0.000107858024421148 3.834952076431364e-05 5.752428114647046e-05 9.58738019107841e-05 0.0004074636672157794 2.3968450477696024e-05 0.0 0.07557141691719389 -0.72673141703327 0.2541090215174893 1.8948462439507656 0.022863367413855792 0.12930590605919193
4174.128 1.4360966682434082 -0.04490119615663701 -0.41725427309145147 -2.3470080534564417 -1.3447282950030726 7.190534961409867e-05 3.834952076431364e-05 5.752428114647046e-05 9.58738019107841e-05 0.0003834952076431364 2.3968450477696024e-05 0.0 0.07554240070828938 -0.7267319824079109 0.25412569658522594 1.8948220314284006 0.022858825767671086 0.1292417913916282
4174.1359999999995 1.4361326694488525 -0.04493743578066045 -0.4172304312335413 -2.347043816243307 -1.3447163740741175 3.5952674807049334e-05 3.834952076431364e-05 5.752428114647046e-05 9.58738019107841e-05 0.00035952674807049334 2.3968450477696024e-05 0.0 0.0755719336087131 -0.7267276466943466 0.2541504160468704 1.8947732655979594 0.02294226653822373 0.12924540373193436
4174.144 1.436120629310608 -0.04486543336977178 -0.41725427309145147 -2.3470080534564417 -1.3447049299823206 7.190534961409867e-05 3.834952076431364e-05 5.752428114647046e-05 9.58738019107841e-05 0.00035952674807049334 2.3968450477696024e-05 0.0 0.07556555955540112 -0.7267332854010373 0.254100799516479 1.8948559173656188 0.02289197370450036 0.12928597285124496
4174.152 1.4361326694488525 -0.044889275227681935 -0.4172781149493616 -2.3469956556903284 -1.3447163740741175 9.58738019107841e-05 3.834952076431364e-05 5.752428114647046e-05 9.58738019107841e-05 0.00033555831760168076 2.3968450477696024e-05 0.0 0.07557185768263888 -0.726728009705505 0.2541251858511161 1.8948229489980477 0.022878258062300982 0.12929396059392112
4174.16 1.4361087083816528 -0.044889275227681935 -0.4172423521624964 -2.347019974385397 -1.3447282950030726 9.58738019107841e-05 3.834952076431364e-05 5.752428114647046e-05 9.58738019107841e-05 0.0003115898580290377 2.3968450477696024e-05 0.0 0.07555083406370088 -0.7267334065088589 0.25411496043302173 1.8948346318172804 0.02284569116873476 0.12926822731705748
4174.168 1.436120629310608 -0.04490119615663701 -0.41726619402040654 -2.3470080534564417 -1.3447163740741175 7.190534961409867e-05 3.834952076431364e-05 5.752428114647046e-05 9.58738019107841e-05 0.0003115898580290377 2.3968450477696024e-05 0.0 0.07556312427883803 -0.7267288426490063 0.25413150736968426 1.8948098719426896 0.022891397400377437 0.1292674604997381
4174.1759999999995 1.4360966682434082 -0.044889275227681935 -0.4172423521624964 -2.347043816243307 -1.3447282950030726 8.388957940042019e-05 3.834952076431364e-05 5.752428114647046e-05 9.58738019107841e-05 0.00028762139845639467 2.3968450477696024e-05 0.0 0.07554203146478672 -0.7267344278315766 0.2541215337069975 1.8948107334608228 0.022849099784562628 0.1292479792681357
4174.184 1.436120629310608 -0.04487735429872686 -0.4172781149493616 -2.347031895314352 -1.3447521368609827 7.190534961409867e-05 3.834952076431364e-05 5.752428114647046e-05 9.58738019107841e-05 0.00028762139845639467 2.3968450477696024e-05 0.0 0.07555329938033607 -0.7267310695554057 0.2541259608196789 1.8948003504531545 0.02286871427441753 0.12923153567200169
4174.192 1.4360847473144531 -0.04493743578066045 -0.4172423521624964 -2.3470080534564417 -1.3447282950030726 7.190534961409867e-05 3.834952076431364e-05 5.752428114647046e-05 9.58738019107841e-05 0.0002636529679875821 2.3968450477696024e-05 0.0 0.07553412220375494 -0.7267302864387839 0.2541458646827281 1.8947980692131994 0.022851267299204635 0.12922983126461093
4174.2 1.4361087083816528 -0.04487735429872686 -0.4172781149493616 -2.347019974385397 -1.3447402159320276 9.58738019107841e-05 3.834952076431364e-05 5.752428114647046e-05 9.58738019107841e-05 0.0002636529679875821 2.3968450477696024e-05 0.0 0.07554784949476337 -0.7267316564876164 0.2541229252629452 1.8948119882016197 0.022841080417201506 0.12925298335260652
4174.208 1.4361326694488525 -0.04487735429872686 -0.41726619402040654 -2.347019974385397 -1.3447282950030726 5.992112710373476e-05 3.834952076431364e-05 5.752428114647046e-05 9.58738019107841e-05 0.0002636529679875821 2.3968450477696024e-05 0.0 0.07556832666765353 -0.726730659562082 0.2541176166963213 1.8948220032409675 0.022904172491060783 0.12925806559101702
4174.215999999999 1.4361566305160522 -0.04484159151186162 -0.41725427309145147 -2.3470080534564417 -1.3447521368609827 4.793690095539205e-05 3.834952076431364e-05 5.752428114647046e-05 9.58738019107841e-05 0.00023968450841493905 2.3968450477696024e-05 0.0 0.07557876790177255 -0.7267339985235384 0.25408287863646295 1.8948817260052857 0.022913104598798806 0.1292532292484357
4174.224 1.4361445903778076 -0.04486543336977178 -0.4172781149493616 -2.347031895314352 -1.3446930090533655 3.5952674807049334e-05 3.834952076431364e-05 5.752428114647046e-05 7.190534961409867e-05 0.00023968450841493905 2.3968450477696024e-05 0.0 0.07558635363734865 -0.7267291854813461 0.25411874326183304 1.8948075024306736 0.022963831284111762 0.1292813195429302
4174.232 1.4361087083816528 -0.04487735429872686 -0.4172781149493616 -2.347019974385397 -1.3447163740741175 7.190534961409867e-05 3.834952076431364e-05 3.834952076431364e-05 7.190534961409867e-05 0.00023968450841493905 2.3968450477696024e-05 0.0 0.07555422373452515 -0.7267311406442049 0.254123427494346 1.894809747415585 0.02287997881462906 0.1292592584301646
4174.24 1.4360966682434082 -0.04490119615663701 -0.4172781149493616 -2.347055737172262 -1.3447049299823206 5.992112710373476e-05 3.834952076431364e-05 3.834952076431364e-05 7.190534961409867e-05 0.00021571606339421123 2.3968450477696024e-05 0.0 0.07554878877230754 -0.7267295566531184 0.25415045458736396 1.8947500966075985 0.022896517121608007 0.12924410411830517
4174.248 1.4361087083816528 -0.044913593922750294 -0.41721851030458623 -2.347019974385397 -1.3447402159320276 7.190534961409867e-05 3.834952076431364e-05 3.834952076431364e-05 7.190534961409867e-05 0.00021571606339421123 2.3968450477696024e-05 0.0 0.07554774136747461 -0.726733346160731 0.25412085467859125 1.8948340891051603 0.022860456404536905 0.1292406170932883
4174.255999999999 1.4361087083816528 -0.04490119615663701 -0.4172423521624964 -2.3470080534564417 -1.3447521368609827 0.000107858024421148 3.834952076431364e-05 3.834952076431364e-05 7.190534961409867e-05 0.00021571606339421123 2.3968450477696024e-05 0.0 0.0755446532032841 -0.7267326600036239 0.25411963466980203 1.8948364775181281 0.022818220446068526 0.1292538278037881
4174.264 1.4360966682434082 -0.044913593922750294 -0.41725427309145147 -2.347019974385397 -1.3447163740741175 5.992112710373476e-05 3.834952076431364e-05 3.834952076431364e-05 7.190534961409867e-05 0.00021571606339421123 2.3968450477696024e-05 0.0 0.07554573531474001 -0.7267305255428027 0.2541380359449421 1.894797070110495 0.022881891955955726 0.12924100472148473
4174.272 1.4361087083816528 -0.044889275227681935 -0.41725427309145147 -2.347067658101217 -1.3447282950030726 5.992112710373476e-05 3.834952076431364e-05 3.834952076431364e-05 7.190534961409867e-05 0.0001917476038215682 2.3968450477696024e-05 0.0 0.07555085206657979 -0.7267325582636994 0.25413366667570547 1.8947750020551648 0.02288844474554874 0.12923401942339752
4174.28 1.4361445903778076 -0.04490119615663701 -0.41725427309145147 -2.3470080534564417 -1.3447282950030726 7.190534961409867e-05 3.834952076431364e-05 3.834952076431364e-05 7.190534961409867e-05 0.0001917476038215682 2.3968450477696024e-05 0.0 0.07557722716926016 -0.72672836142035 0.25412569658522594 1.8948225256198041 0.022904240320147946 0.12927442969234654
4174.288 1.4361326694488525 -0.044913593922750294 -0.4172781149493616 -2.3470080534564417 -1.3447163740741175 5.992112710373476e-05 3.834952076431364e-05 3.834952076431364e-05 7.190534961409867e-05 0.0001917476038215682 2.3968450477696024e-05 0.0 0.07557217115107659 -0.7267256063273527 0.2541458685844551 1.89478576155011 0.022917806969320463 0.12926356775109124
4174.295999999999 1.4360847473144531 -0.044889275227681935 -0.41726619402040654 -2.347019974385397 -1.3447402159320276 5.992112710373476e-05 3.834952076431364e-05 3.834952076431364e-05 7.190534961409867e-05 0.0001917476038215682 2.3968450477696024e-05 0.0 0.07553048007379132 -0.7267333315433187 0.2541258286887374 1.8948105467827319 0.0228524702679815 0.12921222261925686
4174.304 1.436120629310608 -0.04492503801454717 -0.41725427309145147 -2.3470080534564417 -1.3447282950030726 5.992112710373476e-05 3.834952076431364e-05 3.834952076431364e-05 7.190534961409867e-05 0.00016777915880084038 2.3968450477696024e-05 0.0 0.07556014812374087 -0.7267277590053451 0.25414262274110866 1.8947985103293858 0.02289650491485955 0.12924613877934327
4174.312 1.4361445903778076 -0.044913593922750294 -0.4172781149493616 -2.347055737172262 -1.344764534627096 8.388957940042019e-05 3.834952076431364e-05 3.834952076431364e-05 7.190534961409867e-05 0.00016777915880084038 2.3968450477696024e-05 0.0 0.07556785331039295 -0.7267259704494926 0.25415800085496215 1.8947428469147818 0.02288061855732814 0.12923459115711822
4174.32 1.4361566305160522 -0.044889275227681935 -0.41726619402040654 -2.347019974385397 -1.3447282950030726 9.58738019107841e-05 3.834952076431364e-05 3.834952076431364e-05 7.190534961409867e-05 0.00016777915880084038 2.3968450477696024e-05 0.0 0.07558590690661945 -0.7267276422364288 0.2541260797984089 1.8948117587864184 0.02289463778305599 0.1292969664551472
4174.3279999999995 1.4360966682434082 -0.044889275227681935 -0.4172781149493616 -2.3470080534564417 -1.3447163740741175 7.190534961409867e-05 3.834952076431364e-05 3.834952076431364e-05 7.190534961409867e-05 0.00016777915880084038 2.3968450477696024e-05 0.0 0.07554566718871654 -0.7267307879914227 0.25412860394549963 1.8948096262161642 0.02286864562838934 0.12925109630884427
4174.336 1.4360847473144531 -0.04490119615663701 -0.4172423521624964 -2.347019974385397 -1.3447282950030726 7.190534961409867e-05 3.834952076431364e-05 3.834952076431364e-05 7.190534961409867e-05 0.00016777915880084038 2.3968450477696024e-05 0.0 0.07553358783500691 -0.7267340102029571 0.254123423546299 1.894821903980199 0.022847496406382114 0.12923367923744558
4174.344 1.436120629310608 -0.04490119615663701 -0.4173019568072718 -2.3470080534564417 -1.3447402159320276 7.190534961409867e-05 3.834952076431364e-05 3.834952076431364e-05 7.190534961409867e-05 0.00016777915880084038 2.3968450477696024e-05 0.0 0.07555711970862793 -0.7267261436968253 0.2541476840738318 1.8947762660044631 0.02288049821656218 0.12923901220934642
4174.352 1.4360966682434082 -0.04486543336977178 -0.4172423521624964 -2.3470080534564417 -1.3447282950030726 7.190534961409867e-05 3.834952076431364e-05 3.834952076431364e-05 7.190534961409867e-05 0.00014381069922819734 2.3968450477696024e-05 0.0 0.0755417762847295 -0.7267366725521643 0.25409474752838734 1.8948687708069185 0.022851627401589057 0.12924945593122925
4174.36 1.436120629310608 -0.044889275227681935 -0.41726619402040654 -2.347031895314352 -1.3447049299823206 8.388957940042019e-05 3.834952076431364e-05 3.834952076431364e-05 7.190534961409867e-05 0.00014381069922819734 2.3968450477696024e-05 0.0 0.07556596422669191 -0.7267299130820984 0.2541298586306498 1.8947978846931857 0.022889478145875913 0.12928448925686384
4174.3679999999995 1.4360727071762085 -0.04486543336977178 -0.4172423521624964 -2.3470080534564417 -1.3447282950030726 9.58738019107841e-05 3.834952076431364e-05 3.834952076431364e-05 7.190534961409867e-05 0.00014381069922819734 2.3968450477696024e-05 0.0 0.07552436287679164 -0.7267384824051193 0.25409474752838734 1.8948693180572016 0.02280621732211813 0.12924946096087078
4174.376 1.436120629310608 -0.04490119615663701 -0.41726619402040654 -2.347019974385397 -1.3447521368609827 0.000107858024421148 3.834952076431364e-05 3.834952076431364e-05 7.190534961409867e-05 0.00014381069922819734 2.3968450477696024e-05 0.0 0.07555353661983943 -0.7267296722895874 0.2541340406950457 1.8948015448430189 0.022834783630641037 0.1292561052572808
4174.384 1.4361087083816528 -0.044889275227681935 -0.41726619402040654 -2.347031895314352 -1.3447402159320276 4.793690095539205e-05 3.834952076431364e-05 3.834952076431364e-05 7.190534961409867e-05 0.00014381069922819734 2.3968450477696024e-05 0.0 0.07554786705512069 -0.7267315773550824 0.2541291153348892 1.894798707968919 0.0228882617740786 0.12921843676202893
4174.392 1.4361326694488525 -0.04490119615663701 -0.4172781149493616 -2.347031895314352 -1.3447402159320276 8.388957940042019e-05 3.834952076431364e-05 3.834952076431364e-05 7.190534961409867e-05 0.00014381069922819734 2.3968450477696024e-05 0.0 0.07556557057319963 -0.7267274887502537 0.2541431380907418 1.8947767791396233 0.022880493063881485 0.1292553885271603
4174.4 1.4361087083816528 -0.04486543336977178 -0.41725427309145147 -2.347043816243307 -1.3447282950030726 5.992112710373476e-05 1.917476038215682e-05 3.834952076431364e-05 7.190534961409867e-05 0.00014381069922819734 2.3968450477696024e-05 0.0 0.07555057051420566 -0.7267348595096459 0.2541101671503132 1.8948217489295363 0.022881356140660954 0.12924171516205446
4174.407999999999 1.4361087083816528 -0.04492503801454717 -0.4172781149493616 -2.347019974385397 -1.3447402159320276 8.388957940042019e-05 1.917476038215682e-05 3.834952076431364e-05 7.190534961409867e-05 0.00014381069922819734 2.3968450477696024e-05 0.0 0.07554851791525687 -0.7267268299918902 0.25415677756534544 1.8947648497249507 0.022859673850456376 0.1292372023830156
4174.416 1.436120629310608 -0.04486543336977178 -0.4173019568072718 -2.3469956556903284 -1.3447402159320276 8.388957940042019e-05 1.917476038215682e-05 3.834952076431364e-05 7.190534961409867e-05 0.00011984225420746952 2.3968450477696024e-05 0.0 0.0755566458197684 -0.7267297053170128 0.2541188767496724 1.8948238752201958 0.022861912749564894 0.1292549089664309
4174.424 1.436120629310608 -0.04490119615663701 -0.4172900358783167 -2.347043816243307 -1.3447521368609827 9.58738019107841e-05 1.917476038215682e-05 3.834952076431364e-05 7.190534961409867e-05 0.00011984225420746952 2.3968450477696024e-05 0.0 0.07555373049387262 -0.726727640391918 0.25415173332943897 1.8947544030650683 0.022853133759548443 0.12924015886819398
4174.432 1.4361326694488525 -0.04486543336977178 -0.41725427309145147 -2.3470080534564417 -1.3447282950030726 5.992112710373476e-05 1.917476038215682e-05 3.834952076431364e-05 7.190534961409867e-05 0.00011984225420746952 2.3968450477696024e-05 0.0 0.0755680627869564 -0.726732881251797 0.2541003072425099 1.8948570605911186 0.022898862591112158 0.1292638630232326
4174.44 1.436120629310608 -0.044889275227681935 -0.41726619402040654 -2.347031895314352 -1.3447282950030726 5.992112710373476e-05 1.917476038215682e-05 3.834952076431364e-05 7.190534961409867e-05 0.00011984225420746952 2.3968450477696024e-05 0.0 0.07555971748440712 -0.7267304187580961 0.25412936643644995 1.8947985057222168 0.02289630654550844 0.12924601764160937
4174.447999999999 1.4361326694488525 -0.04487735429872686 -0.4172423521624964 -2.347019974385397 -1.3447282950030726 9.58738019107841e-05 1.917476038215682e-05 3.834952076431364e-05 4.793690095539205e-05 0.00011984225420746952 2.3968450477696024e-05 0.0 0.07556808032039534 -0.7267328023055482 0.2541064973052269 1.8948465645155912 0.022866587908567076 0.12928645100969752
4174.456 1.4361445903778076 -0.044913593922750294 -0.4172423521624964 -2.347043816243307 -1.3447163740741175 9.58738019107841e-05 1.917476038215682e-05 3.834952076431364e-05 4.793690095539205e-05 0.00011984225420746952 2.3968450477696024e-05 0.0 0.07558038592698423 -0.7267280875098032 0.2541390495508382 1.894787065186494 0.022894955403024515 0.12929619409757562
4174.464 1.4361087083816528 -0.044913593922750294 -0.41725427309145147 -2.3469956556903284 -1.3447163740741175 8.388957940042019e-05 1.917476038215682e-05 3.834952076431364e-05 4.793690095539205e-05 0.00011984225420746952 2.3968450477696024e-05 0.0 0.07555453890708283 -0.7267295020271861 0.2541313312205718 1.8948218337195437 0.02286706334902968 0.12926949303016436
4174.472 1.436120629310608 -0.04490119615663701 -0.41726619402040654 -2.347031895314352 -1.3447163740741175 8.388957940042019e-05 1.917476038215682e-05 3.834952076431364e-05 4.793690095539205e-05 0.00011984225420746952 2.3968450477696024e-05 0.0 0.07556307168081955 -0.7267289542223967 0.25413808063024523 1.8947868933770668 0.022883514313507575 0.12927173683383802
4174.48 1.436120629310608 -0.044913593922750294 -0.4171941916095179 -2.347019974385397 -1.3447402159320276 4.793690095539205e-05 1.917476038215682e-05 3.834952076431364e-05 4.793690095539205e-05 0.00011984225420746952 2.3968450477696024e-05 0.0 0.0755561534176971 -0.7267346309682221 0.2541095128573011 1.8948572516237994 0.022890853262184957 0.1292363894639881
4174.487999999999 1.436120629310608 -0.044913593922750294 -0.41725427309145147 -2.3469956556903284 -1.3447282950030726 5.992112710373476e-05 1.917476038215682e-05 3.834952076431364e-05 4.793690095539205e-05 0.00011984225420746952 2.3968450477696024e-05 0.0 0.07556001507806975 -0.7267288592708152 0.25413108009068563 1.8948218839160276 0.022892963811601295 0.12924998808257848
4174.496 1.4360966682434082 -0.04487735429872686 -0.4172423521624964 -2.347019974385397 -1.3447282950030726 0.000107858024421148 1.917476038215682e-05 3.834952076431364e-05 4.793690095539205e-05 0.00011984225420746952 2.3968450477696024e-05 0.0 0.07554191701448967 -0.7267355223765783 0.2541064973052269 1.8948465900674856 0.022821119097048335 0.1292700939833099
4174.504 1.4361087083816528 -0.04487735429872686 -0.4172781149493616 -2.347019974385397 -1.3447163740741175 7.190534961409867e-05 1.917476038215682e-05 3.834952076431364e-05 4.793690095539205e-05 0.00011984225420746952 2.3968450477696024e-05 0.0 0.07555422373452515 -0.7267311406442049 0.254123427494346 1.894809747415585 0.02287997881462906 0.1292592584301646
4174.512 1.4361087083816528 -0.044913593922750294 -0.4172900358783167 -2.3469956556903284 -1.3446930090533655 5.992112710373476e-05 1.917476038215682e-05 3.834952076431364e-05 4.793690095539205e-05 9.58738019107841e-05 2.3968450477696024e-05 0.0 0.0755611553369762 -0.7267257815767845 0.2541485023049385 1.8947845697363837 0.022910936073609504 0.12926946625753588
4174.5199999999995 1.4360847473144531 -0.04490119615663701 -0.4172423521624964 -2.347019974385397 -1.3447282950030726 8.388957940042019e-05 1.917476038215682e-05 3.834952076431364e-05 4.793690095539205e-05 9.58738019107841e-05 2.3968450477696024e-05 0.0 0.07553358783500691 -0.7267340102029571 0.254123423546299 1.8948223015046515 0.02283614555678424 0.1292418413331815
4174.528 1.4360966682434082 -0.04487735429872686 -0.4172900358783167 -2.3470080534564417 -1.3447163740741175 5.992112710373476e-05 1.917476038215682e-05 3.834952076431364e-05 4.793690095539205e-05 9.58738019107841e-05 2.3968450477696024e-05 0.0 0.07554562332367626 -0.7267309229350737 0.2541257005196507 1.8948092298688988 0.022879951744767327 0.12924288923226568
4174.536 1.4361087083816528 -0.04487735429872686 -0.4172900358783167 -2.3470080534564417 -1.3447049299823206 8.388957940042019e-05 1.917476038215682e-05 1.917476038215682e-05 4.793690095539205e-05 9.58738019107841e-05 2.3968450477696024e-05 0.0 0.07555743288854806 -0.7267297656465233 0.25412594160787166 1.8948094556863264 0.022876434743681305 0.12927826143440221
4174.544 1.4361087083816528 -0.04486543336977178 -0.4172781149493616 -2.347043816243307 -1.3447282950030726 3.5952674807049334e-05 1.917476038215682e-05 1.917476038215682e-05 4.793690095539205e-05 9.58738019107841e-05 2.3968450477696024e-05 0.0 0.07555081693417307 -0.7267327166168223 0.2541212865442172 1.894797585609706 0.022907589417712492 0.12922149113242817
4174.552 1.436120629310608 -0.044913593922750294 -0.4172423521624964 -2.347019974385397 -1.3447163740741175 8.388957940042019e-05 1.917476038215682e-05 1.917476038215682e-05 4.793690095539205e-05 9.58738019107841e-05 2.3968450477696024e-05 0.0 0.07556302532253519 -0.7267297867176294 0.2541324762902223 1.8948097966137187 0.022880131489851324 0.12927559821362625
4174.5599999999995 1.4361087083816528 -0.04487735429872686 -0.4172781149493616 -2.347043816243307 -1.3447049299823206 7.190534961409867e-05 1.917476038215682e-05 1.917476038215682e-05 4.793690095539205e-05 9.58738019107841e-05 2.3968450477696024e-05 0.0 0.07555723076552767 -0.7267310045556092 0.25413024182761734 1.8947856770941998 0.02289122107578194 0.12926621997002985
4174.568 1.4361087083816528 -0.04490119615663701 -0.41726619402040654 -2.347031895314352 -1.3447163740741175 3.5952674807049334e-05 1.917476038215682e-05 1.917476038215682e-05 4.793690095539205e-05 9.58738019107841e-05 2.3968450477696024e-05 0.0 0.07555440839122426 -0.726729854952769 0.25413808063024523 1.8947851789838825 0.022917619861269483 0.12923096871832973
4174.576 1.4360847473144531 -0.04493743578066045 -0.4172781149493616 -2.347043816243307 -1.3447049299823206 5.992112710373476e-05 1.917476038215682e-05 1.917476038215682e-05 4.793690095539205e-05 9.58738019107841e-05 2.3968450477696024e-05 0.0 0.07554065994345481 -0.7267267327165868 0.25417289557606393 1.894726139037895 0.022888991251946527 0.12923213653496698
4174.584 1.4361087083816528 -0.04492503801454717 -0.41726619402040654 -2.3470080534564417 -1.3446930090533655 8.388957940042019e-05 1.917476038215682e-05 1.917476038215682e-05 4.793690095539205e-05 9.58738019107841e-05 2.3968450477696024e-05 0.0 0.07556104194263127 -0.7267268244503116 0.25414892568537917 1.8947853597316386 0.02288824420157157 0.12928584099426552
4174.592 1.436120629310608 -0.04492503801454717 -0.41725427309145147 -2.3470080534564417 -1.3447402159320276 8.388957940042019e-05 1.917476038215682e-05 1.917476038215682e-05 4.793690095539205e-05 9.58738019107841e-05 2.3968450477696024e-05 0.0 0.07555696100464557 -0.7267280169505703 0.2541423716395953 1.8948000286640931 0.02286570504257126 0.12925116354683788
4174.599999999999 1.4361087083816528 -0.044889275227681935 -0.41725427309145147 -2.3470080534564417 -1.3447049299823206 7.190534961409867e-05 1.917476038215682e-05 1.917476038215682e-05 4.793690095539205e-05 9.58738019107841e-05 2.3968450477696024e-05 0.0 0.07555723032651085 -0.7267317736358023 0.2541177257275292 1.8948324240491523 0.022884297915180908 0.12927404404105927
4174.608 1.4361087083816528 -0.04490119615663701 -0.41725427309145147 -2.347019974385397 -1.3447282950030726 4.793690095539205e-05 1.917476038215682e-05 1.917476038215682e-05 4.793690095539205e-05 9.58738019107841e-05 2.3968450477696024e-05 0.0 0.07555112434836095 -0.7267311286616591 0.25412898322256533 1.89480967190696 0.022894671222629843 0.12923172433743157
4174.616 1.4361087083816528 -0.04487735429872686 -0.41725427309145147 -2.347019974385397 -1.3447282950030726 4.793690095539205e-05 1.917476038215682e-05 1.917476038215682e-05 4.793690095539205e-05 9.58738019107841e-05 2.3968450477696024e-05 0.0 0.07555079019997736 -0.7267335414528286 0.25411205700720063 1.8948330423502855 0.0228910501687511 0.1292355342223821
4174.624 1.4360966682434082 -0.04486543336977178 -0.41726619402040654 -2.3470080534564417 -1.3447282950030726 7.190534961409867e-05 1.917476038215682e-05 1.917476038215682e-05 4.793690095539205e-05 9.58738019107841e-05 2.3968450477696024e-05 0.0 0.07554202268075212 -0.7267345300265641 0.2541058669437808 1.894845403202405 0.022855159630724105 0.12924555625310022
4174.632 1.4360966682434082 -0.044889275227681935 -0.41726619402040654 -2.3470080534564417 -1.3447163740741175 4.793690095539205e-05 1.917476038215682e-05 1.917476038215682e-05 4.793690095539205e-05 9.58738019107841e-05 2.3968450477696024e-05 0.0 0.07554554395899302 -0.7267318594868826 0.2541230442909665 1.8948205144957764 0.022889581154683706 0.12923672201110353
4174.639999999999 1.4360727071762085 -0.04487735429872686 -0.4172781149493616 -2.347019974385397 -1.3447282950030726 8.388957940042019e-05 1.917476038215682e-05 1.917476038215682e-05 4.793690095539205e-05 9.58738019107841e-05 2.3968450477696024e-05 0.0 0.07552487336124847 -0.7267341180413753 0.2541231763725883 1.894810496079727 0.022826412445577902 0.12923160142129908
4174.648 1.4361326694488525 -0.04486543336977178 -0.41726619402040654 -2.3470080534564417 -1.3447282950030726 0.000107858024421148 1.917476038215682e-05 1.917476038215682e-05 4.793690095539205e-05 7.190534961409867e-05 2.3968450477696024e-05 0.0 0.07556818595090999 -0.7267318099517297 0.2541058669437808 1.8948469680384776 0.022855224491147085 0.12929456123018293
4174.656 1.4360966682434082 -0.044913593922750294 -0.4172781149493616 -2.3470080534564417 -1.3447521368609827 9.58738019107841e-05 1.917476038215682e-05 1.917476038215682e-05 4.793690095539205e-05 7.190534961409867e-05 2.3968450477696024e-05 0.0 0.07553644672707796 -0.7267291001605172 0.2541451153055093 1.8947887514868316 0.022825342743071655 0.12922963608095697
4174.664 1.4360966682434082 -0.04487735429872686 -0.41725427309145147 -2.3470080534564417 -1.3447402159320276 8.388957940042019e-05 1.917476038215682e-05 1.917476038215682e-05 4.793690095539205e-05 7.190534961409867e-05 2.3968450477696024e-05 0.0 0.07553887941770529 -0.7267346529743363 0.25410851923715794 1.8948465221271866 0.022835755013865866 0.12924246329375413
4174.672 1.4361087083816528 -0.044889275227681935 -0.4172304312335413 -2.3470080534564417 -1.3447163740741175 7.190534961409867e-05 1.917476038215682e-05 1.917476038215682e-05 4.793690095539205e-05 7.190534961409867e-05 2.3968450477696024e-05 0.0 0.07555392430910982 -0.7267341639522654 0.2541063652502462 1.8948564856421033 0.02287299135870798 0.12926709592874064
4174.679999999999 1.4360966682434082 -0.04492503801454717 -0.4172304312335413 -2.347019974385397 -1.3447282950030726 7.190534961409867e-05 1.917476038215682e-05 1.917476038215682e-05 4.793690095539205e-05 7.190534961409867e-05 2.3968450477696024e-05 0.0 0.07554246215368556 -0.7267317681966022 0.25413479006588374 1.8948103404587588 0.022860648933597256 0.12923993826176763
4174.688 1.436120629310608 -0.04486543336977178 -0.41725427309145147 -2.3469956556903284 -1.3447282950030726 5.992112710373476e-05 1.917476038215682e-05 1.917476038215682e-05 4.793690095539205e-05 7.190534961409867e-05 2.3968450477696024e-05 0.0 0.07555934019869981 -0.726733732805128 0.25409688914261475 1.8948690922439495 0.022885649215717774 0.12925768368466284
4174.696 1.4361087083816528 -0.04487735429872686 -0.4172423521624964 -2.3470080534564417 -1.3447049299823206 4.793690095539205e-05 1.917476038215682e-05 1.917476038215682e-05 4.793690095539205e-05 7.190534961409867e-05 2.3968450477696024e-05 0.0 0.07555694007323958 -0.7267340512510618 0.25410370294402007 1.8948549972295035 0.022903423069778085 0.12926157505740085
4174.704 1.4361445903778076 -0.04490119615663701 -0.41721851030458623 -2.3470080534564417 -1.344764534627096 4.793690095539205e-05 1.917476038215682e-05 1.917476038215682e-05 4.793690095539205e-05 7.190534961409867e-05 2.3968450477696024e-05 0.0 0.07556716886067126 -0.7267323597521278 0.25410825408482635 1.89485897911375 0.022897026428143133 0.1292296028291342
4174.7119999999995 1.4361087083816528 -0.044889275227681935 -0.4172304312335413 -2.3469956556903284 -1.3447163740741175 3.5952674807049334e-05 1.917476038215682e-05 1.917476038215682e-05 4.793690095539205e-05 7.190534961409867e-05 2.3968450477696024e-05 0.0 0.07555395169098889 -0.7267341057115427 0.2541029471587869 1.8948674478154257 0.02290524146092886 0.12924463100541292
4174.72 1.436120629310608 -0.044889275227681935 -0.4172423521624964 -2.347043816243307 -1.3447163740741175 4.793690095539205e-05 1.917476038215682e-05 1.917476038215682e-05 4.793690095539205e-05 7.190534961409867e-05 2.3968450477696024e-05 0.0 0.07556263189040281 -0.7267323595774846 0.2541217848289163 1.8948090643117774 0.02291395762815348 0.1292511117686558
4174.728 1.4361087083816528 -0.044889275227681935 -0.4172423521624964 -2.347043816243307 -1.3447163740741175 7.190534961409867e-05 1.917476038215682e-05 1.917476038215682e-05 4.793690095539205e-05 7.190534961409867e-05 2.3968450477696024e-05 0.0 0.07555396856021097 -0.7267332603026146 0.2541217848289163 1.8948097372541735 0.022879959029894953 0.1292593170210032
4174.736 1.4361326694488525 -0.04490119615663701 -0.41725427309145147 -2.347019974385397 -1.3447049299823206 5.992112710373476e-05 1.917476038215682e-05 1.917476038215682e-05 4.793690095539205e-05 7.190534961409867e-05 2.3968450477696024e-05 0.0 0.07557478431543072 -0.7267288124213198 0.25412947543271913 1.8948088995890453 0.022921900465260284 0.12927835309971505
4174.744 1.4361326694488525 -0.044889275227681935 -0.4172423521624964 -2.347031895314352 -1.3447402159320276 9.58738019107841e-05 1.917476038215682e-05 1.917476038215682e-05 4.793690095539205e-05 7.190534961409867e-05 2.3968450477696024e-05 0.0 0.0755650339228221 -0.7267319098857856 0.25411799595174395 1.8948239137431657 0.02286203402674306 0.1292713038575465
4174.7519999999995 1.4361326694488525 -0.04490119615663701 -0.41726619402040654 -2.3470080534564417 -1.3447163740741175 5.992112710373476e-05 1.917476038215682e-05 1.917476038215682e-05 4.793690095539205e-05 7.190534961409867e-05 2.3968450477696024e-05 0.0 0.07557187418909207 -0.7267279328058682 0.25413150736968426 1.8948095980468138 0.022914158211398503 0.12926749858248124
4174.76 1.4361326694488525 -0.04487735429872686 -0.4172781149493616 -2.3469956556903284 -1.3446930090533655 7.190534961409867e-05 1.917476038215682e-05 1.917476038215682e-05 4.793690095539205e-05 7.190534961409867e-05 2.3968450477696024e-05 0.0 0.07557793736282287 -0.7267287103050868 0.2541172150376849 1.8948324213796814 0.022915021844868582 0.1293016888739315
4174.768 1.436120629310608 -0.04490119615663701 -0.41726619402040654 -2.347031895314352 -1.3447163740741175 8.388957940042019e-05 1.917476038215682e-05 1.917476038215682e-05 4.793690095539205e-05 7.190534961409867e-05 2.3968450477696024e-05 0.0 0.07556307168081955 -0.7267289542223967 0.25413808063024523 1.8947868933770668 0.022883514313507575 0.12927173683383802
4174.776 1.4361087083816528 -0.04487735429872686 -0.41726619402040654 -2.347019974385397 -1.3447402159320276 7.190534961409867e-05 1.917476038215682e-05 1.917476038215682e-05 4.793690095539205e-05 7.190534961409867e-05 2.3968450477696024e-05 0.0 0.07554772628237398 -0.726732727952081 0.2541173655785011 1.894822876839514 0.022862016013286413 0.12923860878008545
4174.784 1.4361326694488525 -0.0448535124408167 -0.4171941916095179 -2.3470080534564417 -1.3447282950030726 7.190534961409867e-05 1.917476038215682e-05 1.917476038215682e-05 4.793690095539205e-05 7.190534961409867e-05 2.3968450477696024e-05 0.0 0.07556727521631415 -0.726739485384485 0.2540638229444744 1.894928030311779 0.022876800693748065 0.12928375622484295
4174.7919999999995 1.4361326694488525 -0.04486543336977178 -0.41725427309145147 -2.3469956556903284 -1.3447282950030726 5.992112710373476e-05 1.917476038215682e-05 1.917476038215682e-05 4.793690095539205e-05 7.190534961409867e-05 2.3968450477696024e-05 0.0 0.07556809016781976 -0.7267328230075497 0.25409688914261475 1.8948692163621417 0.022897059623251764 0.12926588365141292
4174.8 1.436120629310608 -0.04486543336977178 -0.4172781149493616 -2.3470080534564417 -1.3447163740741175 8.388957940042019e-05 1.917476038215682e-05 1.917476038215682e-05 4.793690095539205e-05 7.190534961409867e-05 2.3968450477696024e-05 0.0 0.07556274629389134 -0.7267313904142212 0.2541116777702168 1.8948336416002942 0.02287638054651557 0.12927938733382383
4174.808 1.4360606670379639 -0.04490119615663701 -0.41725427309145147 -2.347019974385397 -1.3447163740741175 7.190534961409867e-05 1.917476038215682e-05 1.917476038215682e-05 4.793690095539205e-05 7.190534961409867e-05 2.3968450477696024e-05 0.0 0.07551939825156606 -0.7267344996135865 0.25412923434437984 1.8948092487669206 0.02283454090442784 0.12922662857855438
4174.816 1.4361326694488525 -0.04486543336977178 -0.41721851030458623 -2.3469956556903284 -1.3447163740741175 8.388957940042019e-05 1.917476038215682e-05 1.917476038215682e-05 4.793690095539205e-05 7.190534961409867e-05 2.3968450477696024e-05 0.0 0.07557090785491824 -0.7267357783991979 0.25408046115123323 1.8949043407085562 0.02287715740259491 0.1292993566121214
4174.824 1.4360966682434082 -0.04490119615663701 -0.4172304312335413 -2.347019974385397 -1.3447163740741175 8.388957940042019e-05 1.917476038215682e-05 1.917476038215682e-05 4.793690095539205e-05 7.190534961409867e-05 2.3968450477696024e-05 0.0 0.07554531507784294 -0.7267339232248625 0.2541181149953481 1.894833385700727 0.022853774863527347 0.12926320990632434
4174.831999999999 1.4360727071762085 -0.04490119615663701 -0.41726619402040654 -2.347019974385397 -1.3447049299823206 9.58738019107841e-05 1.917476038215682e-05 1.917476038215682e-05 4.793690095539205e-05 7.190534961409867e-05 2.3968450477696024e-05 0.0 0.07553133112939897 -0.7267322712166315 0.2541350350801027 1.8947977906194071 0.022832790355951087 0.1292600508293266
4174.84 1.4361087083816528 -0.0448535124408167 -0.4172423521624964 -2.347019974385397 -1.3447521368609827 0.000107858024421148 1.917476038215682e-05 1.917476038215682e-05 4.793690095539205e-05 7.190534961409867e-05 2.3968450477696024e-05 0.0 0.07554395868534897 -0.7267375407911902 0.25408906871726333 1.8948715301811705 0.022812711194677978 0.12925950339112083
4174.848 1.4360966682434082 -0.04490119615663701 -0.41726619402040654 -2.347043816243307 -1.3447521368609827 7.190534961409867e-05 1.917476038215682e-05 1.917476038215682e-05 4.793690095539205e-05 7.190534961409867e-05 2.3968450477696024e-05 0.0 0.07553607078687982 -0.7267315939353096 0.2541406140056726 1.8947767283707782 0.02284959628087202 0.12921141367837163
4174.856 1.4361087083816528 -0.04490119615663701 -0.41725427309145147 -2.347019974385397 -1.3447282950030726 7.190534961409867e-05 1.917476038215682e-05 1.917476038215682e-05 4.793690095539205e-05 7.190534961409867e-05 2.3968450477696024e-05 0.0 0.07555112434836095 -0.7267311286616591 0.25412898322256533 1.8948104674576867 0.0228719696894938 0.12924804862068678
4174.864 1.4361326694488525 -0.04490119615663701 -0.4172781149493616 -2.347019974385397 -1.3447282950030726 9.58738019107841e-05 1.917476038215682e-05 1.917476038215682e-05 4.793690095539205e-05 7.190534961409867e-05 2.3968450477696024e-05 0.0 0.07556878398091338 -0.7267271750299694 0.2541401025365338 1.8947881425045399 0.022875507291302423 0.12927679301790895
4174.871999999999 1.4360966682434082 -0.04487735429872686 -0.41721851030458623 -2.347031895314352 -1.3447282950030726 8.388957940042019e-05 1.917476038215682e-05 1.917476038215682e-05 4.793690095539205e-05 4.793690095539205e-05 2.3968450477696024e-05 0.0 0.07554164429628421 -0.7267377208508612 0.2540986644972515 1.8948574744374262 0.02284202267625082 0.12925572662369875
4174.88 1.436120629310608 -0.044889275227681935 -0.41725427309145147 -2.347031895314352 -1.3447049299823206 7.190534961409867e-05 1.917476038215682e-05 1.917476038215682e-05 4.793690095539205e-05 4.793690095539205e-05 2.3968450477696024e-05 0.0 0.07556584102067769 -0.7267309845951907 0.2541242989697095 1.8948091705797372 0.022899062801220865 0.12927827691344188
4174.888 1.4361087083816528 -0.04490119615663701 -0.4172423521624964 -2.3470080534564417 -1.3447163740741175 7.190534961409867e-05 1.917476038215682e-05 1.917476038215682e-05 4.793690095539205e-05 4.793690095539205e-05 2.3968450477696024e-05 0.0 0.07555421456613924 -0.7267318863082575 0.2541203880477648 1.8948331166431698 0.022876568179166404 0.1292632411545606
4174.896 1.4361087083816528 -0.04490119615663701 -0.41725427309145147 -2.3469956556903284 -1.3447049299823206 8.388957940042019e-05 1.917476038215682e-05 1.917476038215682e-05 2.3968450477696024e-05 4.793690095539205e-05 2.3968450477696024e-05 0.0 0.07555742476799591 -0.7267305091063596 0.2541227707257234 1.8948332924034488 0.022872954511397488 0.12928232191303693
4174.9039999999995 1.4360847473144531 -0.044889275227681935 -0.41726619402040654 -2.3469956556903284 -1.3447049299823206 3.5952674807049334e-05 1.917476038215682e-05 1.917476038215682e-05 2.3968450477696024e-05 4.793690095539205e-05 2.3968450477696024e-05 0.0 0.07553996763622231 -0.7267324543118323 0.254119867301511 1.894831455443643 0.022895606072010896 0.12923330973178043
4174.912 1.436120629310608 -0.044913593922750294 -0.41726619402040654 -2.347019974385397 -1.3447402159320276 4.793690095539205e-05 1.917476038215682e-05 1.917476038215682e-05 2.3968450477696024e-05 4.793690095539205e-05 2.3968450477696024e-05 0.0 0.07555689751528563 -0.7267281595040985 0.25414309338859653 1.8947866810834024 0.022901518450765386 0.12922461294209225
4174.92 1.4360847473144531 -0.04487735429872686 -0.41726619402040654 -2.347019974385397 -1.3447521368609827 5.992112710373476e-05 1.917476038215682e-05 1.917476038215682e-05 2.3968450477696024e-05 4.793690095539205e-05 2.3968450477696024e-05 0.0 0.0755271258375052 -0.7267347957360467 0.25411711447279606 1.8948229547319455 0.022842561218874218 0.1292028277970182
4174.928 1.4361087083816528 -0.04490119615663701 -0.41726619402040654 -2.3469956556903284 -1.3447402159320276 9.58738019107841e-05 1.917476038215682e-05 1.917476038215682e-05 2.3968450477696024e-05 4.793690095539205e-05 2.3968450477696024e-05 0.0 0.07554811411165507 -0.726730201139276 0.2541275870270484 1.8948241455591641 0.022839398676984497 0.12925508687247853
4174.936 1.4361087083816528 -0.04487735429872686 -0.4173019568072718 -2.347043816243307 -1.3447402159320276 5.992112710373476e-05 1.917476038215682e-05 1.917476038215682e-05 2.3968450477696024e-05 4.793690095539205e-05 2.3968450477696024e-05 0.0 0.07554804336663974 -0.7267296247901709 0.25414061788907727 1.894764051160198 0.02288213183426884 0.1292207116301222
4174.9439999999995 1.4360606670379639 -0.04490119615663701 -0.41720611253847295 -2.3470080534564417 -1.3447521368609827 4.793690095539205e-05 1.917476038215682e-05 1.917476038215682e-05 2.3968450477696024e-05 4.793690095539205e-05 2.3968450477696024e-05 0.0 0.07550936525379144 -0.7267395451359046 0.2541027331274464 1.8948695128836186 0.022824078401949555 0.12918622618145834
4174.952 1.4361087083816528 -0.044913593922750294 -0.41725427309145147 -2.347043816243307 -1.3447163740741175 8.388957940042019e-05 1.917476038215682e-05 1.917476038215682e-05 2.3968450477696024e-05 4.793690095539205e-05 2.3968450477696024e-05 0.0 0.07555443265671573 -0.7267297274010194 0.2541446092069601 1.89477461341671 0.022874068348861878 0.12926164349201405
4174.96 1.4361445903778076 -0.04490119615663701 -0.41726619402040654 -2.3470080534564417 -1.3446806112872522 7.190534961409867e-05 1.917476038215682e-05 1.917476038215682e-05 2.3968450477696024e-05 4.793690095539205e-05 2.3968450477696024e-05 0.0 0.07559009875849237 -0.7267262574874541 0.2541322608076158 1.8948079498574808 0.022938399759518526 0.12931767878321201
4174.968 1.436120629310608 -0.04492503801454717 -0.4172423521624964 -2.347043816243307 -1.3447049299823206 7.190534961409867e-05 1.917476038215682e-05 1.917476038215682e-05 2.3968450477696024e-05 4.793690095539205e-05 2.3968450477696024e-05 0.0 0.0755661927646348 -0.7267284921888204 0.2541474151699191 1.8947741105846236 0.022904462619278206 0.12927256899215578
4174.976 1.4361087083816528 -0.044889275227681935 -0.41726619402040654 -2.347043816243307 -1.3447049299823206 4.793690095539205e-05 1.917476038215682e-05 1.917476038215682e-05 2.3968450477696024e-05 4.793690095539205e-05 2.3968450477696024e-05 0.0 0.07555727462894252 -0.7267308696112702 0.25413314525349334 1.894784879857917 0.022913966950606206 0.12924994040943164
4174.9839999999995 1.436120629310608 -0.044913593922750294 -0.41725427309145147 -2.3470080534564417 -1.3447163740741175 7.190534961409867e-05 1.917476038215682e-05 1.917476038215682e-05 2.3968450477696024e-05 4.793690095539205e-05 2.3968450477696024e-05 0.0 0.07556317483344743 -0.7267286593731862 0.25413474931498414 1.8948094031459728 0.02289151447275589 0.12926742923748807
4174.992 1.436120629310608 -0.044889275227681935 -0.41725427309145147 -2.3470080534564417 -1.3447282950030726 8.388957940042019e-05 1.917476038215682e-05 1.917476038215682e-05 2.3968450477696024e-05 4.793690095539205e-05 2.3968450477696024e-05 0.0 0.0755596468991572 -0.7267313785314905 0.25411723348550486 1.8948343616266492 0.022868371520244006 0.1292681773808641
4175.0 1.436120629310608 -0.044889275227681935 -0.41726619402040654 -2.3469956556903284 -1.3447402159320276 8.388957940042019e-05 1.917476038215682e-05 1.917476038215682e-05 2.3968450477696024e-05 4.793690095539205e-05 2.3968450477696024e-05 0.0 0.07555661034102511 -0.7267305069149943 0.25411912393276326 1.8948355562936836 0.022860236066162075 0.12925694844056856
4175.008 1.4360847473144531 -0.04490119615663701 -0.4172781149493616 -2.3470080534564417 -1.3447282950030726 8.388957940042019e-05 1.917476038215682e-05 1.917476038215682e-05 2.3968450477696024e-05 4.793690095539205e-05 2.3968450477696024e-05 0.0 0.0755339838755407 -0.7267307398438161 0.2541368158977913 1.8947989383168231 0.022839710217520497 0.12923793486311422
4175.016 1.4361087083816528 -0.044889275227681935 -0.41725427309145147 -2.3469956556903284 -1.3447402159320276 5.992112710373476e-05 1.917476038215682e-05 1.917476038215682e-05 2.3968450477696024e-05 4.793690095539205e-05 2.3968450477696024e-05 0.0 0.0755478238314263 -0.7267324789536235 0.25411356424975273 1.8948463217632512 0.022869874769216793 0.1292344552049719
4175.023999999999 1.4361087083816528 -0.044913593922750294 -0.41726619402040654 -2.3469956556903284 -1.3447282950030726 7.190534961409867e-05 1.917476038215682e-05 1.917476038215682e-05 2.3968450477696024e-05 4.793690095539205e-05 2.3968450477696024e-05 0.0 0.07555147500964975 -0.7267286884426759 0.25413663973929673 1.8948104749630228 0.022872081840844383 0.1292480814174636
4175.032 1.436120629310608 -0.04487735429872686 -0.41720611253847295 -2.347019974385397 -1.3447402159320276 8.388957940042019e-05 1.917476038215682e-05 1.917476038215682e-05 2.3968450477696024e-05 4.793690095539205e-05 2.3968450477696024e-05 0.0 0.07555576881719062 -0.7267372264902228 0.2540893445732759 1.8948822841127109 0.022853061722102115 0.12926471591475852
4175.04 1.4361445903778076 -0.044889275227681935 -0.41725427309145147 -2.347019974385397 -1.3447402159320276 8.388957940042019e-05 1.917476038215682e-05 1.917476038215682e-05 2.3968450477696024e-05 4.793690095539205e-05 2.3968450477696024e-05 0.0 0.07557384671348553 -0.7267298817356295 0.2541202690042937 1.894823643356615 0.02288471425018964 0.1292712539212475
4175.048 1.436120629310608 -0.04486543336977178 -0.41725427309145147 -2.347031895314352 -1.3447163740741175 7.190534961409867e-05 1.917476038215682e-05 1.917476038215682e-05 2.3968450477696024e-05 4.793690095539205e-05 2.3968450477696024e-05 0.0 0.07556244729019757 -0.7267336449666579 0.2541071316518268 1.8948332349843338 0.02288766702686912 0.1292712389475257
4175.056 1.436120629310608 -0.0448535124408167 -0.4172423521624964 -2.3469956556903284 -1.3447282950030726 5.992112710373476e-05 1.917476038215682e-05 1.917476038215682e-05 2.3968450477696024e-05 4.793690095539205e-05 2.3968450477696024e-05 0.0 0.07555905003001329 -0.7267360100004298 0.25408286627383425 1.8948924613055749 0.02288207272832243 0.12926153834805068
4175.063999999999 1.4361326694488525 -0.044889275227681935 -0.4173019568072718 -2.347019974385397 -1.3447282950030726 5.992112710373476e-05 1.917476038215682e-05 1.917476038215682e-05 2.3968450477696024e-05 4.793690095539205e-05 2.3968450477696024e-05 0.0 0.07556886333011958 -0.7267262383420994 0.25414275875007886 1.8947752663965236 0.02291128032142672 0.12925031166199827
4175.072 1.4361326694488525 -0.04487735429872686 -0.41721851030458623 -2.3470080534564417 -1.3447163740741175 0.00011984225420746952 1.917476038215682e-05 1.917476038215682e-05 2.3968450477696024e-05 4.793690095539205e-05 2.3968450477696024e-05 0.0 0.07557104745142894 -0.7267346307449563 0.25409234239965545 1.8948816931694075 0.022846717703182213 0.1293199167239026
4175.08 1.436120629310608 -0.04492503801454717 -0.41725427309145147 -2.3470080534564417 -1.3447402159320276 7.190534961409867e-05 1.917476038215682e-05 1.917476038215682e-05 2.3968450477696024e-05 4.793690095539205e-05 2.3968450477696024e-05 0.0 0.07555696100464557 -0.7267280169505703 0.2541423716395953 1.8947996309471742 0.022877055754418743 0.1292430013569229
4175.088 1.4360966682434082 -0.04486543336977178 -0.4172304312335413 -2.3469956556903284 -1.3447521368609827 8.388957940042019e-05 1.917476038215682e-05 1.917476038215682e-05 2.3968450477696024e-05 4.793690095539205e-05 2.3968450477696024e-05 0.0 0.07553530624629427 -0.7267382010473225 0.2540852673810115 1.8948944533948726 0.022820510589089925 0.12923898797372868
4175.096 1.4361087083816528 -0.044913593922750294 -0.41725427309145147 -2.347043816243307 -1.3447402159320276 8.388957940042019e-05 1.917476038215682e-05 1.917476038215682e-05 2.3968450477696024e-05 4.793690095539205e-05 2.3968450477696024e-05 0.0 0.07554805841451923 -0.7267302432623225 0.25414410702483925 1.8947760587705147 0.02285787119519124 0.12923904455612467
4175.103999999999 1.4361087083816528 -0.0448535124408167 -0.4172423521624964 -2.347031895314352 -1.3447163740741175 9.58738019107841e-05 1.917476038215682e-05 1.917476038215682e-05 2.3968450477696024e-05 4.793690095539205e-05 2.3968450477696024e-05 0.0 0.07555349371595976 -0.7267368231232693 0.2540931087950935 1.8948572764786096 0.022850090886036675 0.1292832986706772
4175.112 1.436120629310608 -0.04487735429872686 -0.4172423521624964 -2.3469956556903284 -1.3447282950030726 8.388957940042019e-05 1.917476038215682e-05 1.917476038215682e-05 2.3968450477696024e-05 4.793690095539205e-05 2.3968450477696024e-05 0.0 0.07555938405621643 -0.7267335978949367 0.2540997925701003 1.8948698864223437 0.022862991612801958 0.12927405239150574
4175.12 1.4361326694488525 -0.04493743578066045 -0.41725427309145147 -2.3470080534564417 -1.3447049299823206 7.190534961409867e-05 1.917476038215682e-05 1.917476038215682e-05 2.3968450477696024e-05 4.793690095539205e-05 2.3968450477696024e-05 0.0 0.07557531852905375 -0.7267250884583291 0.25415191649670793 1.8947854627991487 0.022914320220907333 0.12928266741065106
4175.128 1.4361326694488525 -0.04486543336977178 -0.41726619402040654 -2.3470080534564417 -1.3447049299823206 8.388957940042019e-05 1.917476038215682e-05 1.917476038215682e-05 2.3968450477696024e-05 4.793690095539205e-05 2.3968450477696024e-05 0.0 0.07557443268390314 -0.7267313042229988 0.25410635920172187 1.8948447556696038 0.022893799059785013 0.12930038504713054
4175.1359999999995 1.4361087083816528 -0.04490119615663701 -0.41725427309145147 -2.3469956556903284 -1.3447282950030726 5.992112710373476e-05 1.917476038215682e-05 1.917476038215682e-05 2.3968450477696024e-05 4.793690095539205e-05 2.3968450477696024e-05 0.0 0.07555117802219619 -0.7267310146918299 0.2541222784831374 1.8948339136660053 0.022879783636076068 0.12924385019178738
4175.144 1.4361326694488525 -0.04490119615663701 -0.41726619402040654 -2.3470080534564417 -1.3447282950030726 7.190534961409867e-05 1.917476038215682e-05 1.917476038215682e-05 2.3968450477696024e-05 4.793690095539205e-05 2.3968450477696024e-05 0.0 0.07556868707736066 -0.7267281908223714 0.25413125624793603 1.8948107189067638 0.02289470904126417 0.12926436104201142
4175.152 1.4361087083816528 -0.044889275227681935 -0.41721851030458623 -2.3469956556903284 -1.3447402159320276 4.793690095539205e-05 1.917476038215682e-05 1.917476038215682e-05 2.3968450477696024e-05 4.793690095539205e-05 2.3968450477696024e-05 0.0 0.07554745428097487 -0.7267356927154915 0.25409688512360745 1.894880975575372 0.022875928184838124 0.12923214268244426
4175.16 1.436120629310608 -0.04487735429872686 -0.41726619402040654 -2.3470080534564417 -1.3447049299823206 7.190534961409867e-05 1.917476038215682e-05 1.917476038215682e-05 2.3968450477696024e-05 4.793690095539205e-05 2.3968450477696024e-05 0.0 0.07556584977697108 -0.7267310078166292 0.2541148223016525 1.8948325483623405 0.022895550483622594 0.1292821180440701
4175.168 1.4360727071762085 -0.04490119615663701 -0.41725427309145147 -2.3469956556903284 -1.3447163740741175 8.388957940042019e-05 1.917476038215682e-05 1.917476038215682e-05 2.3968450477696024e-05 4.793690095539205e-05 2.3968450477696024e-05 0.0 0.07552820190702403 -0.7267334763346347 0.25412252962149856 1.8948336144459628 0.022831062531133383 0.12924695491264568
4175.1759999999995 1.4361326694488525 -0.04490119615663701 -0.41725427309145147 -2.3470080534564417 -1.3447163740741175 8.388957940042019e-05 1.917476038215682e-05 1.917476038215682e-05 2.3968450477696024e-05 4.793690095539205e-05 2.3968450477696024e-05 0.0 0.0755717509980473 -0.7267290043057784 0.25412594771515157 1.8948220778127973 0.022889690684757165 0.12928577255664783
4175.184 1.4360966682434082 -0.04487735429872686 -0.41725427309145147 -2.347031895314352 -1.3447282950030726 7.190534961409867e-05 1.917476038215682e-05 1.917476038215682e-05 2.3968450477696024e-05 4.793690095539205e-05 2.3968450477696024e-05 0.0 0.07554201390822637 -0.7267345069279829 0.2541153436438378 1.894822025430376 0.022858672044589565 0.12924171518447936
4175.192 1.436120629310608 -0.04490119615663701 -0.4172781149493616 -2.3470080534564417 -1.3447282950030726 4.793690095539205e-05 1.917476038215682e-05 1.917476038215682e-05 2.3968450477696024e-05 4.793690095539205e-05 2.3968450477696024e-05 0.0 0.07556006037652824 -0.7267280290658595 0.2541368158977913 1.89479811521575 0.022907766316771022 0.12923788672295955
4175.2 1.4361087083816528 -0.04490119615663701 -0.41726619402040654 -2.3470080534564417 -1.344764534627096 8.388957940042019e-05 1.917476038215682e-05 1.917476038215682e-05 2.3968450477696024e-05 4.793690095539205e-05 2.3968450477696024e-05 0.0 0.07554158501043129 -0.7267307852367332 0.2541304929122149 1.8948130663800684 0.022836031920684195 0.1292218528965595
4175.208 1.4361087083816528 -0.044889275227681935 -0.4172423521624964 -2.3470080534564417 -1.3447282950030726 7.190534961409867e-05 1.917476038215682e-05 1.917476038215682e-05 2.3968450477696024e-05 4.793690095539205e-05 2.3968450477696024e-05 0.0 0.07555086038224336 -0.726733350583842 0.2541116737970871 1.8948455247000315 0.02286665918412335 0.12925384618981667
4175.215999999999 1.436120629310608 -0.044913593922750294 -0.4172423521624964 -2.3469837347613733 -1.3447402159320276 8.388957940042019e-05 1.917476038215682e-05 1.917476038215682e-05 2.3968450477696024e-05 4.793690095539205e-05 2.3968450477696024e-05 0.0 0.07555673108013099 -0.7267301327372879 0.2541219826592265 1.8948467743435762 0.022858664019299025 0.12925890489930222
4175.224 1.4360966682434082 -0.044889275227681935 -0.41725427309145147 -2.3470080534564417 -1.3447163740741175 4.793690095539205e-05 1.917476038215682e-05 1.917476038215682e-05 2.3968450477696024e-05 4.793690095539205e-05 0.0 0.0 0.07554542073826484 -0.7267329309166796 0.25411748462357947 1.8948321982967884 0.022887815149566962 0.12923867200856767
4175.232 1.4361326694488525 -0.044913593922750294 -0.41726619402040654 -2.3470080534564417 -1.3447402159320276 8.388957940042019e-05 1.917476038215682e-05 1.917476038215682e-05 2.3968450477696024e-05 4.793690095539205e-05 0.0 0.0 0.0755656737136268 -0.726727193964379 0.2541398067417153 1.894799686855557 0.022877142805714075 0.12925924269722208
4175.24 1.4361087083816528 -0.044913593922750294 -0.4172900358783167 -2.347019974385397 -1.3447163740741175 7.190534961409867e-05 1.917476038215682e-05 1.917476038215682e-05 2.3968450477696024e-05 4.793690095539205e-05 0.0 0.0 0.07555485496604553 -0.7267264008997963 0.2541547148319663 1.8947625405900905 0.022887249373315263 0.12925151771104862
4175.248 1.436120629310608 -0.04487735429872686 -0.4173019568072718 -2.3469837347613733 -1.3447282950030726 4.793690095539205e-05 1.917476038215682e-05 1.917476038215682e-05 2.3968450477696024e-05 4.793690095539205e-05 0.0 0.0 0.07556002630975982 -0.7267281850979324 0.2541243043069536 1.8948219619966429 0.022904140504333387 0.12924176055913691
4175.255999999999 1.4361326694488525 -0.044889275227681935 -0.4172781149493616 -2.347019974385397 -1.3447282950030726 4.793690095539205e-05 1.917476038215682e-05 1.917476038215682e-05 2.3968450477696024e-05 4.793690095539205e-05 0.0 0.0 0.07556861691106254 -0.7267283816108995 0.2541316394618212 1.8947982361527878 0.022919099438628916 0.12924604889282876
4175.264 1.4361326694488525 -0.04486543336977178 -0.41726619402040654 -2.3470080534564417 -1.3447282950030726 0.000107858024421148 1.917476038215682e-05 1.917476038215682e-05 2.3968450477696024e-05 4.793690095539205e-05 0.0 0.0 0.07556818595090999 -0.7267318099517297 0.2541058669437808 1.8948469680384776 0.022855224491147085 0.12929456123018293
4175.272 1.4361087083816528 -0.04487735429872686 -0.4172423521624964 -2.347031895314352 -1.3447049299823206 7.190534961409867e-05 1.917476038215682e-05 1.917476038215682e-05 2.3968450477696024e-05 4.793690095539205e-05 0.0 0.0 0.07555688743248953 -0.7267341631291279 0.2541102761833901 1.8948324166639314 0.02288418883813854 0.129274012766042
4175.28 1.436120629310608 -0.044889275227681935 -0.41725427309145147 -2.347019974385397 -1.3447049299823206 8.388957940042019e-05 1.917476038215682e-05 1.917476038215682e-05 2.3968450477696024e-05 4.793690095539205e-05 0.0 0.0 0.07556586732722667 -0.7267309287529059 0.25412101234826856 1.8948212566943967 0.022885978134003976 0.12928838203969312
4175.288 1.4360966682434082 -0.04487735429872686 -0.4172304312335413 -2.347043816243307 -1.3447282950030726 5.992112710373476e-05 1.917476038215682e-05 1.917476038215682e-05 2.3968450477696024e-05 4.793690095539205e-05 0.0 0.0 0.07554174117192453 -0.726736705533582 0.2541075108615664 1.8948333071959595 0.02286822464181239 0.12923550979958107
4175.295999999999 1.4361087083816528 -0.04490119615663701 -0.41725427309145147 -2.3470080534564417 -1.3447282950030726 7.190534961409867e-05 1.917476038215682e-05 1.917476038215682e-05 2.3968450477696024e-05 4.793690095539205e-05 0.0 0.0 0.07555115065635437 -0.726731072814288 0.25412569658522594 1.8948221556684648 0.022870235887788918 0.1292499915636247
4175.304 1.436120629310608 -0.04490119615663701 -0.4172781149493616 -2.3469956556903284 -1.3447402159320276 7.190534961409867e-05 1.917476038215682e-05 1.917476038215682e-05 2.3968450477696024e-05 4.793690095539205e-05 0.0 0.0 0.07555690061197895 -0.726728228965847 0.25413314668435083 1.8948117894955656 0.022875163439872417 0.12924493202444443
4175.312 1.4361326694488525 -0.044889275227681935 -0.41725427309145147 -2.3469837347613733 -1.3447282950030726 4.793690095539205e-05 1.917476038215682e-05 1.917476038215682e-05 2.3968450477696024e-05 4.793690095539205e-05 0.0 0.0 0.0755684505324092 -0.7267303546006885 0.25411052874894285 1.894857136164841 0.022910298019068694 0.12925585500831835
4175.32 1.4361326694488525 -0.044889275227681935 -0.4172423521624964 -2.3470080534564417 -1.3447521368609827 4.793690095539205e-05 1.917476038215682e-05 1.917476038215682e-05 2.3968450477696024e-05 2.3968450477696024e-05 0.0 0.0 0.07556189943458919 -0.7267320560036009 0.25411117154093066 1.8948464219615786 0.022895872193625388 0.12923124138684272
4175.3279999999995 1.4361087083816528 -0.04487735429872686 -0.41725427309145147 -2.347019974385397 -1.3447049299823206 4.793690095539205e-05 0.0 1.917476038215682e-05 2.3968450477696024e-05 2.3968450477696024e-05 0.0 0.0 0.07555703694587129 -0.7267330358680479 0.2541125492492993 1.894831625241467 0.022906922845092006 0.12925768184537134
4175.336 1.4361087083816528 -0.044889275227681935 -0.4172423521624964 -2.3470080534564417 -1.3447163740741175 8.388957940042019e-05 0.0 1.917476038215682e-05 2.3968450477696024e-05 2.3968450477696024e-05 0.0 0.0 0.07555404749892189 -0.7267330926523118 0.2541119249433391 1.8948451995922646 0.022863406466985044 0.12927330806845763
4175.344 1.4361445903778076 -0.04487735429872686 -0.4172423521624964 -2.347043816243307 -1.3447163740741175 5.992112710373476e-05 0.0 1.917476038215682e-05 2.3968450477696024e-05 2.3968450477696024e-05 0.0 0.0 0.07557987812545831 -0.7267317551741111 0.2541133217078658 1.8948213942605205 0.02292350356714736 0.12927749797767016
4175.352 1.4360966682434082 -0.04490119615663701 -0.41721851030458623 -2.347031895314352 -1.3447402159320276 7.190534961409867e-05 0.0 1.917476038215682e-05 2.3968450477696024e-05 2.3968450477696024e-05 0.0 0.0 0.0755387913068082 -0.7267355662400878 0.2541153396650195 1.89483442923235 0.022848896923497418 0.12923245506238895
4175.36 1.4361087083816528 -0.0448535124408167 -0.4173019568072718 -2.3469956556903284 -1.3447163740741175 9.58738019107841e-05 0.0 1.917476038215682e-05 2.3968450477696024e-05 2.3968450477696024e-05 0.0 0.0 0.07555418969455589 -0.7267312964654499 0.25411091591477464 1.8948343895757418 0.022853650628453553 0.12927945639432792
4175.3679999999995 1.4361087083816528 -0.04490119615663701 -0.4172781149493616 -2.347019974385397 -1.3447402159320276 9.58738019107841e-05 0.0 1.917476038215682e-05 2.3968450477696024e-05 2.3968450477696024e-05 0.0 0.0 0.07554818367793423 -0.7267292434397029 0.254139851443188 1.8947886177640432 0.022844701899817747 0.12924917402707872
4175.376 1.436120629310608 -0.044913593922750294 -0.4172900358783167 -2.347019974385397 -1.3447163740741175 7.190534961409867e-05 0.0 1.917476038215682e-05 2.3968450477696024e-05 2.3968450477696024e-05 0.0 0.0 0.07556351821445703 -0.7267255001641 0.2541547148319663 1.8947626634411874 0.02289854617145314 0.12925963694633769
4175.384 1.436120629310608 -0.04490119615663701 -0.41725427309145147 -2.3470080534564417 -1.3447282950030726 8.388957940042019e-05 0.0 1.917476038215682e-05 2.3968450477696024e-05 2.3968450477696024e-05 0.0 0.0 0.07555981396047384 -0.7267301721227504 0.25412569658522594 1.8948226764049325 0.02287018219234253 0.12926627263643542
4175.392 1.4361326694488525 -0.04490119615663701 -0.41726619402040654 -2.3470080534564417 -1.3447049299823206 4.793690095539205e-05 0.0 1.917476038215682e-05 2.3968450477696024e-05 2.3968450477696024e-05 0.0 0.0 0.07557493381270973 -0.7267276850761023 0.2541317484579598 1.8948085058652417 0.022933283433591568 0.12927018412447397
4175.4 1.4361087083816528 -0.04487735429872686 -0.4172781149493616 -2.347019974385397 -1.3447402159320276 7.190534961409867e-05 0.0 1.917476038215682e-05 2.3968450477696024e-05 2.3968450477696024e-05 0.0 0.0 0.07554784949476337 -0.7267316564876164 0.2541229252629452 1.8948111930005784 0.022863781980267988 0.12923665907694185
4175.407999999999 1.4360847473144531 -0.04492503801454717 -0.4172423521624964 -2.347019974385397 -1.3447402159320276 5.992112710373476e-05 0.0 1.917476038215682e-05 2.3968450477696024e-05 2.3968450477696024e-05 0.0 0.0 0.07553073494924063 -0.726731854982052 0.2541400986277152 1.8947988588070332 0.02285437023561449 0.12921040756670268
4175.416 1.4361326694488525 -0.04490119615663701 -0.4172781149493616 -2.3469956556903284 -1.3447282950030726 9.58738019107841e-05 0.0 1.917476038215682e-05 2.3968450477696024e-05 2.3968450477696024e-05 0.0 0.0 0.07556883763043717 -0.7267270612172484 0.25413339779424254 1.8948119865060513 0.022871970356809202 0.12928075619714538
4175.424 1.4361087083816528 -0.04487735429872686 -0.41721851030458623 -2.347031895314352 -1.3447402159320276 7.190534961409867e-05 0.0 1.917476038215682e-05 2.3968450477696024e-05 2.3968450477696024e-05 0.0 0.0 0.07554720719327966 -0.7267370691587154 0.2540984133548342 1.8948579239607592 0.022856685851172998 0.1292444647447562
4175.432 1.4360847473144531 -0.04487735429872686 -0.4172781149493616 -2.3469837347613733 -1.3447049299823206 8.388957940042019e-05 0.0 1.917476038215682e-05 2.3968450477696024e-05 2.3968450477696024e-05 0.0 0.0 0.07553995008855013 -0.7267325333345378 0.25411367725562495 1.8948447359175487 0.022848423689218165 0.1292678561287189
4175.44 1.4361087083816528 -0.04492503801454717 -0.4172781149493616 -2.347019974385397 -1.3447163740741175 8.388957940042019e-05 0.0 1.917476038215682e-05 2.3968450477696024e-05 2.3968450477696024e-05 0.0 0.0 0.07555489215822406 -0.726726314124621 0.254157279731555 1.8947634043997272 0.022875871101258466 0.12925980118570793
4175.447999999999 1.4360847473144531 -0.044889275227681935 -0.4172423521624964 -2.347019974385397 -1.3447049299823206 7.190534961409867e-05 0.0 1.917476038215682e-05 2.3968450477696024e-05 2.3968450477696024e-05 0.0 0.0 0.07553966749200978 -0.7267347111434129 0.25411545267517616 1.8948321724288897 0.022861558305635625 0.12925773180537764
4175.456 1.4361326694488525 -0.04487735429872686 -0.41725427309145147 -2.3470080534564417 -1.3447163740741175 5.992112710373476e-05 0.0 1.917476038215682e-05 2.3968450477696024e-05 2.3968450477696024e-05 0.0 0.0 0.07557141691719389 -0.72673141703327 0.2541090215174893 1.8948446523601656 0.02290877132170694 0.12927325810616994
4175.464 1.4360966682434082 -0.044889275227681935 -0.41726619402040654 -2.347031895314352 -1.3447163740741175 5.992112710373476e-05 0.0 0.0 2.3968450477696024e-05 2.3968450477696024e-05 0.0 0.0 0.07554549134778203 -0.7267319711366618 0.25412961755012486 1.8947975359079132 0.022881698020566672 0.12924099788587337
4175.472 1.4360966682434082 -0.044913593922750294 -0.41725427309145147 -2.347019974385397 -1.3447163740741175 8.388957940042019e-05 0.0 0.0 2.3968450477696024e-05 2.3968450477696024e-05 0.0 0.0 0.07554573531474001 -0.7267305255428027 0.2541380359449421 1.8947978655417108 0.022859190567328023 0.12925732911670582
4175.48 1.4361087083816528 -0.044913593922750294 -0.4172304312335413 -2.3469956556903284 -1.3447402159320276 5.992112710373476e-05 0.0 0.0 2.3968450477696024e-05 2.3968450477696024e-05 0.0 0.0 0.07554791825598278 -0.7267321607077953 0.25411970962077635 1.894845851578494 0.02287003648683714 0.1292344688752246
4175.487999999999 1.4361087083816528 -0.04493743578066045 -0.4172423521624964 -2.347031895314352 -1.3447163740741175 7.190534961409867e-05 0.0 0.0 2.3968450477696024e-05 2.3968450477696024e-05 0.0 0.0 0.07555466994508567 -0.7267283299004027 0.2541526890580762 1.894774217243158 0.022885540414941837 0.12925356422762105
4175.496 1.436120629310608 -0.044913593922750294 -0.4172781149493616 -2.347019974385397 -1.3447282950030726 5.992112710373476e-05 0.0 0.0 2.3968450477696024e-05 2.3968450477696024e-05 0.0 0.0 0.07556020786188679 -0.7267268298877707 0.2541489041188307 1.894774672223523 0.022900032188607606 0.12924212496203
4175.504 1.4361087083816528 -0.04490119615663701 -0.4172423521624964 -2.347043816243307 -1.3447049299823206 7.190534961409867e-05 0.0 0.0 2.3968450477696024e-05 2.3968450477696024e-05 0.0 0.0 0.07555719527316365 -0.7267318061831065 0.25413048901606394 1.8947973581154833 0.022889544265095967 0.12926825973540357
4175.512 1.4361087083816528 -0.04487735429872686 -0.4172304312335413 -2.347031895314352 -1.3447282950030726 5.992112710373476e-05 0.0 0.0 2.3968450477696024e-05 2.3968450477696024e-05 0.0 0.0 0.07555051749550828 -0.7267357400228981 0.2541042242256323 1.8948451195806228 0.02287790108377314 0.1292456529256938
4175.5199999999995 1.4361087083816528 -0.0448535124408167 -0.4172781149493616 -2.347031895314352 -1.3446930090533655 7.190534961409867e-05 0.0 0.0 2.3968450477696024e-05 2.3968450477696024e-05 0.0 0.0 0.07556011003029198 -0.7267331035274129 0.254110280166984 1.8948200127146893 0.022893964038230845 0.12928327272448034
4175.528 1.4360966682434082 -0.04487735429872686 -0.4172304312335413 -2.3470080534564417 -1.3447282950030726 8.388957940042019e-05 0.0 0.0 2.3968450477696024e-05 2.3968450477696024e-05 0.0 0.0 0.07554182014555727 -0.7267365376430365 0.25409765095587306 1.8948691670079814 0.022840320919073873 0.12925766275745112
4175.536 1.4361445903778076 -0.044889275227681935 -0.41726619402040654 -2.347055737172262 -1.3447282950030726 5.992112710373476e-05 0.0 0.0 2.3968450477696024e-05 2.3968450477696024e-05 0.0 0.0 0.07557707811329081 -0.7267287195604848 0.2541359397146341 1.8947753759468904 0.022922480553469987 0.12925845132944622
4175.544 1.436120629310608 -0.04487735429872686 -0.4172781149493616 -2.347043816243307 -1.3447402159320276 7.190534961409867e-05 0.0 0.0 2.3968450477696024e-05 2.3968450477696024e-05 0.0 0.0 0.0755564602061172 -0.7267308674198205 0.2541294985559499 1.894787939481933 0.0228785464070012 0.12924089247108997
4175.552 1.4361087083816528 -0.044889275227681935 -0.41721851030458623 -2.3470080534564417 -1.3447163740741175 0.00011984225420746952 0.0 0.0 2.3968450477696024e-05 2.3968450477696024e-05 0.0 0.0 0.0755538011282926 -0.7267352351865578 0.2541008055443016 1.8948697601168616 0.022825820761099996 0.12930169334977126
4175.5599999999995 1.436120629310608 -0.04490119615663701 -0.4172304312335413 -2.3470080534564417 -1.3447402159320276 7.190534961409867e-05 0.0 0.0 2.3968450477696024e-05 2.3968450477696024e-05 0.0 0.0 0.07555638046295798 -0.726732572850627 0.2541143260870796 1.8948463691409505 0.022869902858997274 0.12925071011394768
4175.568 1.4361087083816528 -0.04490119615663701 -0.41726619402040654 -2.3470080534564417 -1.3447282950030726 9.58738019107841e-05 0.0 0.0 2.3968450477696024e-05 2.3968450477696024e-05 0.0 0.0 0.07555127387266497 -0.7267300013201416 0.25413125624793603 1.8948112671895174 0.02284930035298462 0.12926436607180544
4175.576 1.436120629310608 -0.04486543336977178 -0.4172304312335413 -2.3470080534564417 -1.3447402159320276 7.190534961409867e-05 0.0 0.0 2.3968450477696024e-05 2.3968450477696024e-05 0.0 0.0 0.07555587937419561 -0.7267361913739098 0.2540889366428039 1.8948814248514847 0.02286447113429739 0.12925642433040274
4175.584 1.4361087083816528 -0.04490119615663701 -0.4172423521624964 -2.347019974385397 -1.3447282950030726 9.58738019107841e-05 0.0 0.0 2.3968450477696024e-05 2.3968450477696024e-05 0.0 0.0 0.07555100113577869 -0.7267322001289629 0.254123423546299 1.894822946617174 0.022847501980609496 0.12926632257307447
4175.592 1.4361326694488525 -0.04490119615663701 -0.4172423521624964 -2.347031895314352 -1.3447049299823206 0.00013182648399379104 0.0 0.0 2.3968450477696024e-05 2.3968450477696024e-05 0.0 0.0 0.07557463482180277 -0.7267299397396854 0.25412720239392184 1.8948112827794632 0.022853763652495373 0.12932733277706793
4175.599999999999 1.4361326694488525 -0.044913593922750294 -0.41726619402040654 -2.347043816243307 -1.3447521368609827 7.190534961409867e-05 0.0 0.0 2.3968450477696024e-05 2.3968450477696024e-05 0.0 0.0 0.07556240771920703 -0.7267276191182831 0.25414941561974597 1.8947649469747698 0.02288559566246637 0.1292339528246252
4175.608 1.4360606670379639 -0.044913593922750294 -0.41726619402040654 -2.347019974385397 -1.3447049299823206 5.992112710373476e-05 0.0 0.0 2.3968450477696024e-05 2.3968450477696024e-05 0.0 0.0 0.07552275501582988 -0.7267319256961404 0.25414383665915874 1.8947843210959452 0.02285731586853574 0.1292253825218331
4175.616 1.4361087083816528 -0.044913593922750294 -0.41720611253847295 -2.347019974385397 -1.3447049299823206 7.190534961409867e-05 0.0 0.0 2.3968450477696024e-05 2.3968450477696024e-05 0.0 0.0 0.07555704711097078 -0.7267336968725546 0.2541158159728594 1.8948441006228995 0.022882590649208508 0.12927609244841182
4175.624 1.436120629310608 -0.04487735429872686 -0.41726619402040654 -2.347055737172262 -1.3447402159320276 4.793690095539205e-05 0.0 0.0 2.3968450477696024e-05 2.3968450477696024e-05 0.0 0.0 0.07555631069860963 -0.726731994736167 0.25412722551695516 1.89478713950254 0.02290121545346381 0.12922457482298186
4175.632 1.436120629310608 -0.044889275227681935 -0.4172423521624964 -2.3470080534564417 -1.3447282950030726 8.388957940042019e-05 0.0 0.0 2.3968450477696024e-05 2.3968450477696024e-05 0.0 0.0 0.07555952371351479 -0.7267324498957648 0.2541116737970871 1.8948460454591776 0.02286660548715344 0.12927012706217297
4175.639999999999 1.4360966682434082 -0.04487735429872686 -0.4172304312335413 -2.347019974385397 -1.344764534627096 9.58738019107841e-05 0.0 0.0 2.3968450477696024e-05 2.3968450477696024e-05 0.0 0.0 0.07553210494909983 -0.7267373774099097 0.25410017415522423 1.894860073087618 0.02280608521844644 0.12922952985054623
4175.648 1.436120629310608 -0.04487735429872686 -0.4172781149493616 -2.347019974385397 -1.3447163740741175 8.388957940042019e-05 0.0 0.0 2.3968450477696024e-05 2.3968450477696024e-05 0.0 0.0 0.07556288703944682 -0.7267302399160337 0.254123427494346 1.894810268185807 0.02287992512269422 0.12927553960817809
4175.656 1.4360966682434082 -0.04486543336977178 -0.4172781149493616 -2.347031895314352 -1.3447521368609827 8.388957940042019e-05 0.0 0.0 2.3968450477696024e-05 2.3968450477696024e-05 0.0 0.0 0.0755357190160024 -0.7267340860922944 0.25411749769892883 1.8948121859111111 0.022832845856675364 0.12922528321371418
4175.664 1.4360966682434082 -0.044889275227681935 -0.41726619402040654 -2.347031895314352 -1.3447163740741175 5.992112710373476e-05 0.0 0.0 2.3968450477696024e-05 2.3968450477696024e-05 0.0 0.0 0.07554549134778203 -0.7267319711366618 0.25412961755012486 1.8947975359079132 0.022881698020566672 0.12924099788587337
4175.672 1.4361326694488525 -0.04487735429872686 -0.41725427309145147 -2.3470080534564417 -1.3446930090533655 9.58738019107841e-05 0.0 0.0 2.3968450477696024e-05 2.3968450477696024e-05 0.0 0.0 0.07557766364256227 -0.7267309112335325 0.2541095137992331 1.8948444293496678 0.022890591004678742 0.12931989185667117
4175.679999999999 1.4361087083816528 -0.0448535124408167 -0.4172423521624964 -2.347043816243307 -1.3447163740741175 8.388957940042019e-05 0.0 0.0 2.3968450477696024e-05 2.3968450477696024e-05 0.0 0.0 0.0755534673924855 -0.7267368790843455 0.2540963954222137 1.8948451905952501 0.022863175881855942 0.12927319375477134
4175.688 1.4361087083816528 -0.04490119615663701 -0.41720611253847295 -2.347031895314352 -1.3447282950030726 7.190534961409867e-05 0.0 0.0 2.3968450477696024e-05 2.3968450477696024e-05 0.0 0.0 0.07555060030066252 -0.7267355129517241 0.254109808686723 1.8948459818920877 0.02286656875903423 0.12925398277070366
4175.696 1.436120629310608 -0.044889275227681935 -0.4172423521624964 -2.347019974385397 -1.3447402159320276 5.992112710373476e-05 0.0 0.0 2.3968450477696024e-05 2.3968450477696024e-05 0.0 0.0 0.07555631027774498 -0.7267327637573133 0.2541147093069962 1.894834284537783 0.022882942820442433 0.12924056031342238
4175.704 1.4361087083816528 -0.044913593922750294 -0.4172423521624964 -2.3470080534564417 -1.3447049299823206 3.5952674807049334e-05 0.0 0.0 2.3968450477696024e-05 2.3968450477696024e-05 0.0 0.0 0.07555744795954918 -0.7267303839503534 0.2541294307568067 1.894819076262161 0.022920278227871193 0.12924762149515956
4175.7119999999995 1.4360966682434082 -0.044913593922750294 -0.4172781149493616 -2.347019974385397 -1.3447163740741175 0.000107858024421148 0.0 0.0 2.3968450477696024e-05 2.3968450477696024e-05 0.0 0.0 0.07554598181205667 -0.726728382271944 0.25414915521581505 1.894775293201883 0.02284002182791865 0.12926975404211194
4175.72 1.4361087083816528 -0.04490119615663701 -0.41726619402040654 -2.3470080534564417 -1.3447282950030726 7.190534961409867e-05 0.0 0.0 2.3968450477696024e-05 2.3968450477696024e-05 0.0 0.0 0.07555127387266497 -0.7267300013201416 0.25413125624793603 1.894810471844245 0.022872001904593826 0.12924804179120725
4175.728 1.4360966682434082 -0.04493743578066045 -0.4172304312335413 -2.3470080534564417 -1.3447163740741175 8.388957940042019e-05 0.0 0.0 2.3968450477696024e-05 2.3968450477696024e-05 0.0 0.0 0.07554584938125652 -0.72673019960884 0.25414055615489545 1.8948095509441027 0.022857545877853595 0.1292593619868355
4175.736 1.436120629310608 -0.04486543336977178 -0.41725427309145147 -2.3469956556903284 -1.3447163740741175 7.190534961409867e-05 0.0 0.0 2.3968450477696024e-05 2.3968450477696024e-05 0.0 0.0 0.07556252731148559 -0.72673347484162 0.25409714030542274 1.894868767134427 0.022882396255017333 0.12927714559749617
4175.744 1.4361087083816528 -0.04490119615663701 -0.41726619402040654 -2.3470080534564417 -1.3447163740741175 8.388957940042019e-05 0.0 0.0 2.3968450477696024e-05 2.3968450477696024e-05 0.0 0.0 0.07555446099057782 -0.7267297433800053 0.25413150736968426 1.8948101467956657 0.02286874954997621 0.12926750361227754
4175.7519999999995 1.4360966682434082 -0.04490119615663701 -0.41726619402040654 -2.3470080534564417 -1.3447282950030726 5.992112710373476e-05 0.0 0.0 2.3968450477696024e-05 2.3968450477696024e-05 0.0 0.0 0.07554252393749125 -0.726730910915248 0.25413125624793603 1.8948099499557975 0.022871942622385122 0.12923167942772118
4175.76 1.4361445903778076 -0.044889275227681935 -0.4173019568072718 -2.347019974385397 -1.3447402159320276 8.388957940042019e-05 0.0 0.0 2.3968450477696024e-05 2.3968450477696024e-05 0.0 0.0 0.07557433946280356 -0.7267255954660523 0.2541425076649387 1.8947769078150554 0.02289177751581798 0.1292634559389087
4175.768 1.4361445903778076 -0.04486543336977178 -0.4172781149493616 -2.347043816243307 -1.3447402159320276 7.190534961409867e-05 0.0 0.0 2.3968450477696024e-05 2.3968450477696024e-05 0.0 0.0 0.07557370639308163 -0.726730263255418 0.2541210354426469 1.894799871709671 0.022899442887359858 0.12925911652503014
4175.776 1.4361087083816528 -0.04486543336977178 -0.4172304312335413 -2.347019974385397 -1.3447402159320276 5.992112710373476e-05 0.0 0.0 2.3968450477696024e-05 2.3968450477696024e-05 0.0 0.0 0.07554718966354938 -0.7267371480627811 0.2540922232847385 1.8948692159144864 0.022866258546027862 0.12923820081858628
4175.784 1.4360727071762085 -0.04490119615663701 -0.4172304312335413 -2.347031895314352 -1.3447282950030726 3.5952674807049334e-05 0.0 0.0 2.3968450477696024e-05 2.3968450477696024e-05 0.0 0.0 0.07552468829406919 -0.7267360468675625 0.25412115049381556 1.8948205826228168 0.02287010659166721 0.1292009996028887
4175.7919999999995 1.436120629310608 -0.04493743578066045 -0.4172900358783167 -2.347019974385397 -1.3447282950030726 7.190534961409867e-05 0.0 0.0 2.3968450477696024e-05 2.3968450477696024e-05 0.0 0.0 0.07556066535327804 -0.7267233443566471 0.25417138979309445 1.8947400157511691 0.022894068653767776 0.129244528019203
4175.8 1.4361087083816528 -0.04487735429872686 -0.4172423521624964 -2.3469837347613733 -1.3447049299823206 9.58738019107841e-05 0.0 0.0 2.3968450477696024e-05 2.3968450477696024e-05 0.0 0.0 0.07555699378830649 -0.72673393697542 0.2540969982427603 1.8948804324620137 0.022854481391557532 0.12929818655595934
4175.808 1.4360847473144531 -0.04487735429872686 -0.41731435457338506 -2.3470080534564417 -1.3447521368609827 7.190534961409867e-05 0.0 0.0 2.3968450477696024e-05 2.3968450477696024e-05 0.0 0.0 0.07552765006690311 -0.7267304109054434 0.25413628889635076 1.8947878377303427 0.022836611369826364 0.12920505587624254
4175.816 1.4361326694488525 -0.044913593922750294 -0.41721851030458623 -2.347031895314352 -1.3447049299823206 7.190534961409867e-05 0.0 0.0 2.3968450477696024e-05 2.3968450477696024e-05 0.0 0.0 0.07557456218980746 -0.7267308279167162 0.25412488466674116 1.8948205082916976 0.022908868592101124 0.12928844061531677
4175.824 1.4361326694488525 -0.044889275227681935 -0.4173019568072718 -2.347031895314352 -1.3447282950030726 7.190534961409867e-05 0.0 0.0 2.3968450477696024e-05 2.3968450477696024e-05 0.0 0.0 0.07556883704457354 -0.7267262940348058 0.2541460453902224 1.894763976080184 0.022901663399836167 0.12925653112572486
4175.831999999999 1.4361326694488525 -0.044913593922750294 -0.4172423521624964 -2.347031895314352 -1.3447163740741175 7.190534961409867e-05 0.0 0.0 2.3968450477696024e-05 2.3968450477696024e-05 0.0 0.0 0.07557174894332697 -0.7267289326805461 0.25413576292017986 1.8947978346230885 0.022904626011424865 0.12927369338432362
4175.84 1.4360727071762085 -0.04487735429872686 -0.4172304312335413 -2.347043816243307 -1.3447163740741175 7.190534961409867e-05 0.0 0.0 2.3968450477696024e-05 2.3968450477696024e-05 0.0 0.0 0.07552751488960552 -0.7267382575664475 0.25410776199981155 1.8948327346400262 0.022842264657702685 0.12923865258901113
4175.848 1.4361087083816528 -0.0448535124408167 -0.4172423521624964 -2.3469956556903284 -1.3447163740741175 5.992112710373476e-05 0.0 0.0 2.3968450477696024e-05 2.3968450477696024e-05 0.0 0.0 0.0755535737713488 -0.7267366527631399 0.2540831174529683 1.8948916153391144 0.0228788732135706 0.12926471982934193
4175.856 1.4361087083816528 -0.044889275227681935 -0.4173019568072718 -2.347019974385397 -1.3447163740741175 7.190534961409867e-05 0.0 0.0 2.3968450477696024e-05 2.3968450477696024e-05 0.0 0.0 0.07555463729136774 -0.7267277908957525 0.2541430098473324 1.894774694590269 0.022885321618476073 0.12925345386456374
4175.864 1.4360966682434082 -0.04486543336977178 -0.41721851030458623 -2.347019974385397 -1.3447282950030726 7.190534961409867e-05 0.0 0.0 2.3968450477696024e-05 2.3968450477696024e-05 0.0 0.0 0.07554150358439482 -0.7267388708951034 0.25408691469470995 1.8948804502201388 0.022849829059926427 0.12925141260538067
4175.871999999999 1.4360966682434082 -0.04490119615663701 -0.4172423521624964 -2.347055737172262 -1.3447282950030726 5.992112710373476e-05 0.0 0.0 2.3968450477696024e-05 2.3968450477696024e-05 0.0 0.0 0.07554217226360775 -0.7267332771454237 0.2541332834604198 1.894786564779854 0.02287534577306571 0.1292278070117493
4175.88 1.4360606670379639 -0.04490119615663701 -0.41725427309145147 -2.347043816243307 -1.3447282950030726 8.388957940042019e-05 0.0 0.0 2.3968450477696024e-05 2.3968450477696024e-05 0.0 0.0 0.07551615851558688 -0.7267348689762689 0.2541355564993479 1.894786992553782 0.02281855997560796 0.12921960488690676
4175.888 1.4361445903778076 -0.04490119615663701 -0.41721851030458623 -2.347019974385397 -1.3447049299823206 8.388957940042019e-05 0.0 0.0 2.3968450477696024e-05 2.3968450477696024e-05 0.0 0.0 0.0755830780947275 -0.7267311256827655 0.25411279641344375 1.8948448700411331 0.022905198074877942 0.12930864555584556
4175.896 1.4360847473144531 -0.04487735429872686 -0.41721851030458623 -2.347043816243307 -1.3447163740741175 9.58738019107841e-05 0.0 0.0 2.3968450477696024e-05 2.3968450477696024e-05 0.0 0.0 0.0755361416997686 -0.7267384194341768 0.2541022022789049 1.89484533786679 0.0228292066512585 0.12926512665599263
4175.9039999999995 1.4361326694488525 -0.044889275227681935 -0.4172423521624964 -2.347031895314352 -1.3447282950030726 9.58738019107841e-05 0.0 0.0 2.3968450477696024e-05 2.3968450477696024e-05 0.0 0.0 0.07556822103802557 -0.7267316519084428 0.25411824706965885 1.8948231910518794 0.02287013239896827 0.12928260361495095
4175.912 1.4361087083816528 -0.044913593922750294 -0.4172781149493616 -2.347019974385397 -1.3447402159320276 4.793690095539205e-05 0.0 0.0 2.3968450477696024e-05 2.3968450477696024e-05 0.0 0.0 0.07554835747457168 -0.7267279884967472 0.2541486530339595 1.8947748744631712 0.022891987312342307 0.12921454401964788
4175.92 1.436120629310608 -0.044889275227681935 -0.4172423521624964 -2.347055737172262 -1.3447163740741175 5.992112710373476e-05 0.0 0.0 2.3968450477696024e-05 2.3968450477696024e-05 0.0 0.0 0.07556260558860108 -0.7267324153835696 0.2541250714588454 1.8947977740494684 0.022904340574076008 0.12925733090461158
4175.928 1.436120629310608 -0.044889275227681935 -0.4172304312335413 -2.347043816243307 -1.3447163740741175 5.992112710373476e-05 0.0 0.0 2.3968450477696024e-05 2.3968450477696024e-05 0.0 0.0 0.0755625086975043 -0.7267334309953727 0.25411622513371546 1.8948211460979414 0.022900840940043885 0.1292612237551605
4175.936 1.4360727071762085 -0.044913593922750294 -0.4172423521624964 -2.347019974385397 -1.3447163740741175 7.190534961409867e-05 0.0 0.0 2.3968450477696024e-05 2.3968450477696024e-05 0.0 0.0 0.07552819879327492 -0.7267334070246056 0.2541324762902223 1.894808904327063 0.022846068027418048 0.12923479753709574
4175.9439999999995 1.436120629310608 -0.044889275227681935 -0.41720611253847295 -2.3469956556903284 -1.3447282950030726 9.58738019107841e-05 0.0 0.0 2.3968450477696024e-05 2.3968450477696024e-05 0.0 0.0 0.07555917667731088 -0.7267356481136577 0.25409135416697554 1.894894117738629 0.02284808222759616 0.12928623648662962
4175.952 1.4361087083816528 -0.04487735429872686 -0.41725427309145147 -2.3470080534564417 -1.3447282950030726 7.190534961409867e-05 0.0 0.0 2.3968450477696024e-05 2.3968450477696024e-05 0.0 0.0 0.07555081651848608 -0.7267334855278087 0.2541087703712657 1.894845526087869 0.022866614537364213 0.1292538012572341
4175.96 1.4361087083816528 -0.04490119615663701 -0.4172781149493616 -2.347043816243307 -1.3447163740741175 5.992112710373476e-05 0.0 0.0 2.3968450477696024e-05 2.3968450477696024e-05 0.0 0.0 0.07555450534096339 -0.7267288390018194 0.25414692690535673 1.894762602773553 0.022898418351393578 0.12924340028980605
4175.968 1.4360966682434082 -0.04486543336977178 -0.4172900358783167 -2.347019974385397 -1.3447282950030726 5.992112710373476e-05 0.0 0.0 2.3968450477696024e-05 2.3968450477696024e-05 0.0 0.0 0.07554224280420689 -0.7267324430853744 0.2541202729451041 1.8948099497338637 0.02287177647022452 0.12923155145789048
4175.976 1.4361087083816528 -0.04487735429872686 -0.41721851030458623 -2.347019974385397 -1.3447521368609827 5.992112710373476e-05 0.0 0.0 2.3968450477696024e-05 2.3968450477696024e-05 0.0 0.0 0.07554404639925243 -0.72673727100687 0.25409487557378474 1.8948699373877622 0.02285820503433689 0.12922694572564705
4175.9839999999995 1.4361087083816528 -0.044913593922750294 -0.4172781149493616 -2.347043816243307 -1.3447282950030726 8.388957940042019e-05 0.0 0.0 2.3968450477696024e-05 2.3968450477696024e-05 0.0 0.0 0.07555149202938205 -0.7267278419262087 0.2541554773998723 1.8947519684663408 0.022869501877149197 0.12924644462323145
4175.992 1.4361087083816528 -0.04490119615663701 -0.4172781149493616 -2.347031895314352 -1.3447521368609827 8.388957940042019e-05 0.0 0.0 2.3968450477696024e-05 2.3968450477696024e-05 0.0 0.0 0.07554497025841807 -0.7267295570496837 0.25414288701762017 1.8947772545541524 0.022849687763062405 0.12922776950726686
4176.0 1.4361326694488525 -0.04490119615663701 -0.4172304312335413 -2.3470080534564417 -1.3447402159320276 7.190534961409867e-05 0.0 0.0 2.3968450477696024e-05 2.3968450477696024e-05 0.0 0.0 0.07556513041813916 -0.7267316630886861 0.2541143260870796 1.8948464933362306 0.022881313127384367 0.12925891017993388
4176.008 1.4360847473144531 -0.04490119615663701 -0.4172781149493616 -2.347031895314352 -1.3447049299823206 9.58738019107841e-05 0.0 0.0 2.3968450477696024e-05 2.3968450477696024e-05 0.0 0.0 0.07554017804529056 -0.7267303458799708 0.25414388133817556 1.8947745431486722 0.02284770086660354 0.12926435814252615
4176.016 1.4361087083816528 -0.04490119615663701 -0.41725427309145147 -2.3470080534564417 -1.3447521368609827 3.5952674807049334e-05 0.0 0.0 2.3968450477696024e-05 2.3968450477696024e-05 0.0 0.0 0.075544776409745 -0.7267315885807648 0.2541251943617197 1.8948224082193224 0.022888091695127802 0.12920290580327037
4176.023999999999 1.4360847473144531 -0.04486543336977178 -0.4171941916095179 -2.3469956556903284 -1.3447049299823206 5.992112710373476e-05 0.0 0.0 2.3968450477696024e-05 2.3968450477696024e-05 0.0 0.0 0.07553888940421788 -0.7267413362864155 0.25406936042759115 1.8949261912144804 0.022858614504647993 0.12926522264548543
4176.032 1.4361087083816528 -0.0448535124408167 -0.4172781149493616 -2.347019974385397 -1.3447282950030726 7.190534961409867e-05 0.0 0.0 2.3968450477696024e-05 2.3968450477696024e-05 0.0 0.0 0.07555070248678845 -0.7267338112379162 0.25410625015056737 1.8948338406564789 0.022868259063505408 0.12925176843757613
4176.04 1.436120629310608 -0.04490119615663701 -0.41725427309145147 -2.347031895314352 -1.3447282950030726 5.992112710373476e-05 0.0 0.0 2.3968450477696024e-05 2.3968450477696024e-05 0.0 0.0 0.07555976135104785 -0.7267302837792875 0.2541322698606062 1.8947985043337086 0.02289635119137156 0.1292460625743541
4176.048 1.436120629310608 -0.04486543336977178 -0.4172781149493616 -2.347019974385397 -1.3447402159320276 5.992112710373476e-05 0.0 0.0 2.3968450477696024e-05 2.3968450477696024e-05 0.0 0.0 0.07555634574896093 -0.7267319622114179 0.254114462151045 1.8948226034560134 0.02288461936344297 0.1292385207393389
4176.056 1.436120629310608 -0.044889275227681935 -0.4172781149493616 -2.347043816243307 -1.3447163740741175 8.388957940042019e-05 0.0 0.0 2.3968450477696024e-05 2.3968450477696024e-05 0.0 0.0 0.07556300152314298 -0.726729144929841 0.2541384638373924 1.8947752065532133 0.022885203499012855 0.12926974900215418
4176.063999999999 1.4361445903778076 -0.04490119615663701 -0.41725427309145147 -2.347019974385397 -1.3447163740741175 8.388957940042019e-05 0.0 0.0 2.3968450477696024e-05 2.3968450477696024e-05 0.0 0.0 0.07558038797192966 -0.7267281592142284 0.25412923434437984 1.8948105124876493 0.022902721552390284 0.12929194872458283
4176.072 1.4361326694488525 -0.044889275227681935 -0.41726619402040654 -2.347055737172262 -1.3447049299823206 8.388957940042019e-05 0.0 0.0 2.3968450477696024e-05 2.3968450477696024e-05 0.0 0.0 0.0755746615643075 -0.7267291146958328 0.2541364318770372 1.8947746324051797 0.02290435575238664 0.12928880369614168
4176.08 1.4361087083816528 -0.04490119615663701 -0.4172304312335413 -2.347031895314352 -1.3447402159320276 8.388957940042019e-05 0.0 0.0 2.3968450477696024e-05 2.3968450477696024e-05 0.0 0.0 0.07554766449748612 -0.7267335853179344 0.25412089937587234 1.8948232672997483 0.022850722237370755 0.1292468675650884
4176.088 1.4360966682434082 -0.04486543336977178 -0.4172781149493616 -2.347019974385397 -1.3447282950030726 9.58738019107841e-05 0.0 0.0 2.3968450477696024e-05 2.3968450477696024e-05 0.0 0.0 0.07554211957840465 -0.7267335145511542 0.2541147132688367 1.8948228263682492 0.02283595792020945 0.1292579876048345
4176.096 1.436120629310608 -0.044913593922750294 -0.4172423521624964 -2.347055737172262 -1.3447163740741175 7.190534961409867e-05 0.0 0.0 2.3968450477696024e-05 2.3968450477696024e-05 0.0 0.0 0.07556294643367405 -0.7267299540147715 0.25414233618219706 1.8947743341139183 0.02289668355949032 0.12926160720753105
4176.103999999999 1.4361087083816528 -0.044913593922750294 -0.41725427309145147 -2.347019974385397 -1.3447282950030726 8.388957940042019e-05 0.0 0.0 2.3968450477696024e-05 2.3968450477696024e-05 0.0 0.0 0.07555129812693712 -0.726729873852209 0.2541377848316027 1.8947987125392225 0.022862502066963258 0.12925422978750326
4176.112 1.4361087083816528 -0.04490119615663701 -0.4172304312335413 -2.347019974385397 -1.3447163740741175 8.388957940042019e-05 0.0 0.0 2.3968450477696024e-05 2.3968450477696024e-05 0.0 0.0 0.07555406504927734 -0.7267330135961518 0.2541181149953481 1.8948335100164038 0.02286518505182723 0.12927141002907624
4176.12 1.4360966682434082 -0.04490119615663701 -0.4172423521624964 -2.347019974385397 -1.3447402159320276 9.58738019107841e-05 0.0 0.0 2.3968450477696024e-05 2.3968450477696024e-05 0.0 0.0 0.07553906404967074 -0.7267333675836188 0.2541231724284221 1.894823544820775 0.02282799347743716 0.1292468226536372
4176.128 1.436120629310608 -0.044889275227681935 -0.4172304312335413 -2.347043816243307 -1.3447402159320276 8.388957940042019e-05 0.0 0.0 2.3968450477696024e-05 2.3968450477696024e-05 0.0 0.0 0.07555613446475934 -0.726733946909249 0.2541157228856381 1.8948233873697928 0.02286194253035718 0.12925494843849347
4176.1359999999995 1.4360966682434082 -0.044889275227681935 -0.4172781149493616 -2.347031895314352 -1.3447163740741175 9.58738019107841e-05 0.0 0.0 2.3968450477696024e-05 2.3968450477696024e-05 0.0 0.0 0.07554561458808219 -0.7267308995635582 0.2541351772060609 1.8947870451877782 0.022849412190372842 0.12926353468562266
4176.144 1.436120629310608 -0.044889275227681935 -0.4172900358783167 -2.347019974385397 -1.3447282950030726 8.388957940042019e-05 0.0 0.0 2.3968450477696024e-05 2.3968450477696024e-05 0.0 0.0 0.0755599902133308 -0.7267282198147336 0.2541371991123781 1.8947876218947206 0.02287540336181435 0.12926038553022767
4176.152 1.4361087083816528 -0.04486543336977178 -0.41725427309145147 -2.347031895314352 -1.3447163740741175 7.190534961409867e-05 0.0 0.0 2.3968450477696024e-05 2.3968450477696024e-05 0.0 0.0 0.07555378394467407 -0.7267345456895835 0.2541071316518268 1.8948331120341444 0.022876369809284335 0.12926312001409568
4176.16 1.4361087083816528 -0.04490119615663701 -0.4172423521624964 -2.347019974385397 -1.3447163740741175 3.5952674807049334e-05 0.0 0.0 2.3968450477696024e-05 2.3968450477696024e-05 0.0 0.0 0.0755541882532744 -0.7267319421916983 0.25412367467629093 1.8948202348460998 0.022912354528259484 0.1292368118527591
4176.168 1.4361326694488525 -0.04490119615663701 -0.4172423521624964 -2.347055737172262 -1.3447049299823206 8.388957940042019e-05 0.0 0.0 2.3968450477696024e-05 2.3968450477696024e-05 0.0 0.0 0.07557458222564421 -0.7267300513083875 0.25413377563890704 1.8947863148442985 0.02290263437324855 0.1292907983729091
4176.1759999999995 1.4361326694488525 -0.044889275227681935 -0.4172781149493616 -2.347031895314352 -1.3447282950030726 8.388957940042019e-05 0.0 0.0 2.3968450477696024e-05 2.3968450477696024e-05 0.0 0.0 0.07556859061494263 -0.7267284373812498 0.2541349261005635 1.8947877416810037 0.022886781062509368 0.1292685926793556
4176.184 1.4361087083816528 -0.04486543336977178 -0.4172781149493616 -2.347031895314352 -1.3447402159320276 8.388957940042019e-05 0.0 0.0 2.3968450477696024e-05 2.3968450477696024e-05 0.0 0.0 0.07554765611509903 -0.7267329187117297 0.25411774879649524 1.8948115876280003 0.022852354336779082 0.12924478311341298
4176.192 1.4361326694488525 -0.04486543336977178 -0.4172781149493616 -2.3470080534564417 -1.3447282950030726 0.000107858024421148 0.0 0.0 2.3968450477696024e-05 2.3968450477696024e-05 0.0 0.0 0.0755683091238504 -0.7267307385860009 0.254111426632199 1.8948352841993132 0.02285699059520482 0.12929261169950212
4176.2 1.4361326694488525 -0.04486543336977178 -0.41725427309145147 -2.347031895314352 -1.3447402159320276 8.388957940042019e-05 0.0 0.0 2.3968450477696024e-05 2.3968450477696024e-05 0.0 0.0 0.0755648230324921 -0.7267332511161065 0.25410662938764134 1.8948352026450055 0.022871529677564846 0.1292650014661096
4176.208 1.436120629310608 -0.04487735429872686 -0.41726619402040654 -2.347043816243307 -1.3447163740741175 8.388957940042019e-05 0.0 0.0 2.3968450477696024e-05 2.3968450477696024e-05 0.0 0.0 0.07556271123037402 -0.7267314230386172 0.25412444108541427 1.8947985755904473 0.02288162675387331 0.12927360352904446
4176.215999999999 1.436120629310608 -0.04492503801454717 -0.4172900358783167 -2.3470080534564417 -1.3447402159320276 9.58738019107841e-05 0.0 0.0 2.3968450477696024e-05 2.3968450477696024e-05 0.0 0.0 0.07555733069433826 -0.7267248018811152 0.2541590505365537 1.8947653747781352 0.022859652374845593 0.12925347711424967
4176.224 1.4360847473144531 -0.04486543336977178 -0.41725427309145147 -2.3470080534564417 -1.3447163740741175 7.190534961409867e-05 0.0 0.0 2.3968450477696024e-05 2.3968450477696024e-05 0.0 0.0 0.07553642323187373 -0.726736243948164 0.2541005583968825 1.8948562410694012 0.02285019438586612 0.12925068720439134
4176.232 1.4361087083816528 -0.0448535124408167 -0.4172423521624964 -2.3470080534564417 -1.344764534627096 5.992112710373476e-05 0.0 0.0 2.3968450477696024e-05 2.3968450477696024e-05 0.0 0.0 0.07554067040825088 -0.7267377528704331 0.2540855208877492 1.8948823801370311 0.022847960039468707 0.129217046635741
4176.24 1.4361087083816528 -0.04490119615663701 -0.41726619402040654 -2.3470080534564417 -1.3447282950030726 9.58738019107841e-05 0.0 0.0 2.3968450477696024e-05 2.3968450477696024e-05 0.0 0.0 0.07555127387266497 -0.7267300013201416 0.25413125624793603 1.8948112671895174 0.02284930035298462 0.12926436607180544
4176.248 1.4360847473144531 -0.04486543336977178 -0.4172900358783167 -2.3470080534564417 -1.3447521368609827 8.388957940042019e-05 0.0 0.0 2.3968450477696024e-05 2.3968450477696024e-05 0.0 0.0 0.07552723152320825 -0.7267338033334153 0.25411648408442833 1.8948237553197513 0.022819847076972384 0.129219100212084
4176.255999999999 1.436120629310608 -0.044889275227681935 -0.41725427309145147 -2.347019974385397 -1.3447282950030726 4.793690095539205e-05 0.0 0.0 -0.0 2.3968450477696024e-05 0.0 0.0 0.07555962058657484 -0.7267314344179995 0.2541205201221422 1.8948214799202618 0.022904157848631923 0.12924174826121934
4176.264 1.4361445903778076 -0.04490119615663701 -0.41725427309145147 -2.347019974385397 -1.3447163740741175 8.388957940042019e-05 0.0 0.0 -0.0 2.3968450477696024e-05 0.0 0.0 0.07558038797192966 -0.7267281592142284 0.25412923434437984 1.8948105124876493 0.022902721552390284 0.12929194872458283
4176.272 1.4361087083816528 -0.04487735429872686 -0.4172900358783167 -2.347019974385397 -1.3447049299823206 7.190534961409867e-05 0.0 0.0 -0.0 2.3968450477696024e-05 0.0 0.0 0.0755574065867191 -0.726729821449685 0.2541292282300151 1.8947973696656653 0.02288951940407704 0.12926815621135032
4176.28 1.4360966682434082 -0.04490119615663701 -0.4172423521624964 -2.3470080534564417 -1.3447163740741175 7.190534961409867e-05 0.0 0.0 -0.0 2.3968450477696024e-05 0.0 0.0 0.07554546460827458 -0.7267327959387697 0.2541203880477648 1.8948329924126421 0.0228651579918608 0.12925504103054963
4176.288 1.4361087083816528 -0.04486543336977178 -0.4172900358783167 -2.347043816243307 -1.3447402159320276 8.388957940042019e-05 0.0 0.0 -0.0 2.3968450477696024e-05 0.0 0.0 0.07554775303498666 -0.7267319029809249 0.25412659512849445 1.8947882155687679 0.02285585417424135 0.1292408906501713
4176.295999999999 1.4361087083816528 -0.044889275227681935 -0.4172423521624964 -2.347019974385397 -1.3447402159320276 8.388957940042019e-05 0.0 0.0 -0.0 2.3968450477696024e-05 0.0 0.0 0.07554764694273329 -0.7267336644070835 0.2541147093069962 1.8948349569062883 0.022848943761631928 0.1292487654609167
4176.304 1.4360966682434082 -0.04487735429872686 -0.4172423521624964 -2.3470080534564417 -1.3447521368609827 8.388957940042019e-05 0.0 0.0 -0.0 2.3968450477696024e-05 0.0 0.0 0.07553556908858389 -0.7267359820852297 0.2541027083975422 1.8948589286182427 0.022825890660244742 0.12923311305196478
4176.312 1.4361326694488525 -0.04490119615663701 -0.4172900358783167 -2.3470080534564417 -1.3447282950030726 5.992112710373476e-05 0.0 0.0 -0.0 2.3968450477696024e-05 0.0 0.0 0.07556893348561997 -0.7267260476311883 0.2541423755347908 1.8947869532599748 0.022909591397209276 0.1292522994738344
4176.32 1.436120629310608 -0.04486543336977178 -0.4173019568072718 -2.3469956556903284 -1.3447402159320276 8.388957940042019e-05 0.0 0.0 -0.0 2.3968450477696024e-05 0.0 0.0 0.0755566458197684 -0.7267297053170128 0.2541188767496724 1.8948238752201958 0.022861912749564894 0.1292549089664309
4176.3279999999995 1.4360966682434082 -0.04490119615663701 -0.41725427309145147 -2.3469837347613733 -1.3447163740741175 4.793690095539205e-05 0.0 0.0 -0.0 2.3968450477696024e-05 0.0 0.0 0.07554564151389152 -0.7267316104661748 0.25411924299370237 1.8948443570083933 0.022886088862642744 0.12924073101069483
4176.336 1.4361087083816528 -0.04487735429872686 -0.41726619402040654 -2.347019974385397 -1.3447282950030726 7.190534961409867e-05 0.0 0.0 -0.0 2.3968450477696024e-05 0.0 0.0 0.0755509134037744 -0.7267324700512156 0.2541176166963213 1.8948221540577226 0.022870114379943112 0.1292499085275968
4176.344 1.4361326694488525 -0.044913593922750294 -0.4172423521624964 -2.347031895314352 -1.3447402159320276 4.793690095539205e-05 0.0 0.0 -0.0 2.3968450477696024e-05 0.0 0.0 0.07556537471515887 -0.7267294486834575 0.25413526070548237 1.8947984845250192 0.022911130477913606 0.1292347697879174
4176.352 1.4361087083816528 -0.04490119615663701 -0.4172900358783167 -2.347031895314352 -1.3447402159320276 8.388957940042019e-05 0.0 0.0 -0.0 2.3968450477696024e-05 0.0 0.0 0.07554828062977725 -0.7267282274730469 0.25414869773731974 1.8947648481132369 0.022859552344423037 0.1292371193479248
4176.36 1.4360966682434082 -0.044913593922750294 -0.41726619402040654 -2.3470080534564417 -1.3447402159320276 7.190534961409867e-05 0.0 0.0 -0.0 2.3968450477696024e-05 0.0 0.0 0.07553951060963575 -0.7267299139487737 0.2541398067417153 1.8947989177416766 0.022854376536391087 0.1292265608837734
4176.3679999999995 1.436120629310608 -0.04490119615663701 -0.41726619402040654 -2.347031895314352 -1.3447163740741175 8.388957940042019e-05 0.0 0.0 -0.0 2.3968450477696024e-05 0.0 0.0 0.07556307168081955 -0.7267289542223967 0.25413808063024523 1.8947868933770668 0.022883514313507575 0.12927173683383802
4176.376 1.4360847473144531 -0.04486543336977178 -0.4172781149493616 -2.3470080534564417 -1.3447163740741175 4.793690095539205e-05 0.0 0.0 -0.0 2.3968450477696024e-05 0.0 0.0 0.07553666967228687 -0.7267341012885524 0.2541116777702168 1.8948320781900383 0.022876428646715213 0.12923046320410236
4176.384 1.4360847473144531 -0.04490119615663701 -0.4172304312335413 -2.3470080534564417 -1.3447163740741175 8.388957940042019e-05 0.0 0.0 -0.0 2.3968450477696024e-05 0.0 0.0 0.07553667804848685 -0.726734767821928 0.25411482836752464 1.8948449507206973 0.02284074357267711 0.12925703404358374
4176.392 1.4361326694488525 -0.04484159151186162 -0.4173019568072718 -2.3469956556903284 -1.3447402159320276 8.388957940042019e-05 0.0 0.0 -0.0 2.3968450477696024e-05 0.0 0.0 0.07556506168219079 -0.7267312081122452 0.25410195053660056 1.8948473699732225 0.02286970177175212 0.1292669183820003
4176.4 1.4360606670379639 -0.04492503801454717 -0.4172423521624964 -2.347031895314352 -1.3447163740741175 8.388957940042019e-05 0.0 0.0 -0.0 2.3968450477696024e-05 0.0 0.0 0.07551958298878435 -0.7267332137938551 0.2541438874736194 1.8947862715533164 0.022826780019040226 0.1292309874509214
4176.407999999999 1.436120629310608 -0.04490119615663701 -0.41725427309145147 -2.347019974385397 -1.3447163740741175 9.58738019107841e-05 0.0 0.0 -0.0 2.3968450477696024e-05 0.0 0.0 0.07556297476798962 -0.7267299699923653 0.25412923434437984 1.8948106632117827 0.02286866364716935 0.12928379161227568
4176.416 1.436120629310608 -0.04487735429872686 -0.4172781149493616 -2.347031895314352 -1.3447282950030726 7.190534961409867e-05 0.0 0.0 -0.0 2.3968450477696024e-05 0.0 0.0 0.07555967362252622 -0.7267305537026202 0.25412646301062947 1.8947989049484417 0.022884911204664703 0.1292541348970869
4176.424 1.4361087083816528 -0.04490119615663701 -0.4172423521624964 -2.347019974385397 -1.3446930090533655 7.190534961409867e-05 0.0 0.0 -0.0 2.3968450477696024e-05 0.0 0.0 0.07556043499233077 -0.7267314365300642 0.25412416692621814 1.8948200115472673 0.02289417483655796 0.12928344562838429
4176.432 1.4361087083816528 -0.044913593922750294 -0.41725427309145147 -2.347019974385397 -1.3447282950030726 4.793690095539205e-05 0.0 0.0 -0.0 2.3968450477696024e-05 0.0 0.0 0.07555129812693712 -0.726729873852209 0.2541377848316027 1.8947975192740103 0.022896554158370788 0.12922974320404457
4176.44 1.4361087083816528 -0.04490119615663701 -0.41721851030458623 -2.3469956556903284 -1.3447521368609827 8.388957940042019e-05 0.0 0.0 -0.0 2.3968450477696024e-05 0.0 0.0 0.07554443420056739 -0.7267347444030477 0.25410509713064344 1.8948712060294532 0.022835587139822998 0.12924342341368752
4176.447999999999 1.4360847473144531 -0.04490119615663701 -0.4172423521624964 -2.3470080534564417 -1.3447163740741175 0.00011984225420746952 0.0 0.0 -0.0 2.3968450477696024e-05 0.0 0.0 0.07553680127287685 -0.7267336964592488 0.2541203880477648 1.8948344594155666 0.022808457114092295 0.12927957026887799
4176.456 1.4361087083816528 -0.04487735429872686 -0.41726619402040654 -2.3470080534564417 -1.3447282950030726 8.388957940042019e-05 0.0 0.0 -0.0 2.3968450477696024e-05 0.0 0.0 0.07555093971699525 -0.7267324141650171 0.25411433005968376 1.8948342399549718 0.022857029652236 0.12926001351844857
4176.464 1.4360966682434082 -0.044889275227681935 -0.4172423521624964 -2.347019974385397 -1.3447521368609827 4.793690095539205e-05 0.0 0.0 -0.0 2.3968450477696024e-05 0.0 0.0 0.07553570983553809 -0.7267348317823148 0.25411445819308615 1.894834362650185 0.02286348801166535 0.12920477940913092
4176.472 1.4360847473144531 -0.044889275227681935 -0.41726619402040654 -2.347019974385397 -1.3447163740741175 8.388957940042019e-05 0.0 0.0 -0.0 2.3968450477696024e-05 0.0 0.0 0.07553685432587931 -0.7267328158522992 0.254126330920195 1.8948098964097668 0.022845965565908354 0.1292511462508258
4176.48 1.4360847473144531 -0.044889275227681935 -0.4172900358783167 -2.347019974385397 -1.3447282950030726 8.388957940042019e-05 0.0 0.0 -0.0 2.3968450477696024e-05 0.0 0.0 0.0755339137055192 -0.7267309305901727 0.2541371991123781 1.8947872515272162 0.02284139956859319 0.12923594694633644
4176.487999999999 1.4360847473144531 -0.04490119615663701 -0.4172304312335413 -2.3470080534564417 -1.3447163740741175 3.5952674807049334e-05 0.0 0.0 -0.0 2.3968450477696024e-05 0.0 0.0 0.07553667804848685 -0.726734767821928 0.25411482836752464 1.8948433600674646 0.0228861474736497 0.12922438605502132
4176.496 1.4361326694488525 -0.04486543336977178 -0.4172304312335413 -2.347043816243307 -1.3447402159320276 8.388957940042019e-05 0.0 0.0 -0.0 2.3968450477696024e-05 0.0 0.0 0.07556455038829314 -0.7267354496361191 0.25409879657071854 1.8948468821225455 0.022869731548682378 0.1292669578557454
4176.504 1.436120629310608 -0.044889275227681935 -0.41725427309145147 -2.347031895314352 -1.3447521368609827 8.388957940042019e-05 0.0 0.0 -0.0 2.3968450477696024e-05 0.0 0.0 0.07555322003788509 -0.7267320061131819 0.25412330455212034 1.8948124305763034 0.022855642292944924 0.12924169232140043
4176.512 1.436120629310608 -0.04490119615663701 -0.4172423521624964 -2.347019974385397 -1.3447282950030726 9.58738019107841e-05 0.0 0.0 -0.0 2.3968450477696024e-05 0.0 0.0 0.07555966445333284 -0.7267312994392077 0.254123423546299 1.8948230697442732 0.02285879913372837 0.12927444155146933
4176.5199999999995 1.4360847473144531 -0.04490119615663701 -0.4172304312335413 -2.347031895314352 -1.3447402159320276 9.58738019107841e-05 0.0 0.0 -0.0 2.3968450477696024e-05 0.0 0.0 0.07553025116350999 -0.7267353953119787 0.25412089937587234 1.89482341717826 0.02281666411116407 0.12923871050412294
4176.528 1.4360966682434082 -0.0448535124408167 -0.41720611253847295 -2.3470080534564417 -1.3447049299823206 9.58738019107841e-05 0.0 0.0 -0.0 2.3968450477696024e-05 0.0 0.0 0.07554748156437686 -0.7267406290573035 0.2540698750780511 1.8949153531186695 0.022837616763536215 0.12929576037344603
4176.536 1.436120629310608 -0.04492503801454717 -0.4172423521624964 -2.347019974385397 -1.3447163740741175 3.5952674807049334e-05 0.0 0.0 -0.0 2.3968450477696024e-05 0.0 0.0 0.07556318572455703 -0.7267286283942844 0.25414060084298873 1.894796987066849 0.02292727253398497 0.1292411208234885
4176.544 1.4361326694488525 -0.04487735429872686 -0.41726619402040654 -2.347031895314352 -1.3447163740741175 7.190534961409867e-05 0.0 0.0 -0.0 2.3968450477696024e-05 0.0 0.0 0.07557148747274928 -0.7267304573940384 0.25412115445548467 1.8948099900413635 0.02290265373012854 0.12927558451506516
4176.552 1.4360727071762085 -0.044913593922750294 -0.4172423521624964 -2.347043816243307 -1.3447282950030726 0.000107858024421148 0.0 0.0 -0.0 2.3968450477696024e-05 0.0 0.0 0.07552495906210875 -0.7267337764234739 0.25413879844554366 1.8947874429457499 0.022807385689970094 0.12924409843406062
4176.5599999999995 1.4361445903778076 -0.04486543336977178 -0.41725427309145147 -2.347031895314352 -1.3447049299823206 8.388957940042019e-05 0.0 0.0 -0.0 2.3968450477696024e-05 0.0 0.0 0.07558292020211116 -0.726731586440925 0.2541073727558494 1.8948331859839536 0.0229067979127199 0.12930656786972125
4176.568 1.436120629310608 -0.044889275227681935 -0.41726619402040654 -2.347055737172262 -1.3447163740741175 8.388957940042019e-05 0.0 0.0 -0.0 2.3968450477696024e-05 0.0 0.0 0.07556285201200585 -0.7267302722731603 0.25413619081208666 1.8947752021666942 0.022885171283977008 0.12926975583103084
4176.576 1.4360847473144531 -0.04492503801454717 -0.41726619402040654 -2.3470080534564417 -1.3447282950030726 5.992112710373476e-05 0.0 0.0 -0.0 2.3968450477696024e-05 0.0 0.0 0.07553419489220914 -0.7267293981639061 0.25414818237810777 1.8947864566218817 0.022864266988936666 0.12921975042446687
4176.584 1.436120629310608 -0.044889275227681935 -0.41726619402040654 -2.347019974385397 -1.3447282950030726 4.793690095539205e-05 0.0 0.0 -0.0 2.3968450477696024e-05 0.0 0.0 0.07555974378648486 -0.7267303629492408 0.2541260797984089 1.8948097960702048 0.022905923656038718 0.12923979843830163
4176.592 1.4360847473144531 -0.044889275227681935 -0.41731435457338506 -2.347019974385397 -1.3447282950030726 5.992112710373476e-05 0.0 0.0 -0.0 2.3968450477696024e-05 0.0 0.0 0.0755341651764364 -0.7267287443314163 0.2541485407596489 1.8947626214433921 0.02286770359823434 0.12921564464607121
4176.599999999999 1.4361087083816528 -0.0448535124408167 -0.41726619402040654 -2.3470080534564417 -1.3447049299823206 7.190534961409867e-05 0.0 0.0 -0.0 2.3968450477696024e-05 0.0 0.0 0.07555685235984357 -0.7267343210367847 0.25409789608727446 1.8948557957963759 0.022880631704724434 0.1292778090819918
4176.608 1.4361087083816528 -0.04490119615663701 -0.4172304312335413 -2.347043816243307 -1.3447163740741175 7.190534961409867e-05 0.0 0.0 -0.0 2.3968450477696024e-05 0.0 0.0 0.07555401242863205 -0.7267331253241835 0.2541246882531014 1.894809735866089 0.02288000367611892 0.129259361953576
4176.616 1.4361326694488525 -0.044889275227681935 -0.4172423521624964 -2.3470080534564417 -1.3447402159320276 7.190534961409867e-05 0.0 0.0 -0.0 2.3968450477696024e-05 0.0 0.0 0.07556508655283298 -0.7267317980678185 0.25411142266295095 1.8948464947241153 0.022881268480092892 0.12925886524786634
4176.624 1.436120629310608 -0.044889275227681935 -0.41726619402040654 -2.347043816243307 -1.3447521368609827 4.793690095539205e-05 0.0 0.0 -0.0 2.3968450477696024e-05 0.0 0.0 0.07555331694455591 -0.7267309903867502 0.25413215090040553 1.8947878653541084 0.022893193809246894 0.1292133133881446
4176.632 1.436120629310608 -0.04490119615663701 -0.41725427309145147 -2.3469956556903284 -1.344764534627096 4.793690095539205e-05 0.0 0.0 -0.0 2.3968450477696024e-05 0.0 0.0 0.07555015247531906 -0.7267308980148125 0.25412151509691805 1.8948358363381814 0.02287781293569575 0.12920945562862632
4176.639999999999 1.4361087083816528 -0.04490119615663701 -0.41721851030458623 -2.3470080534564417 -1.3447282950030726 7.190534961409867e-05 0.0 0.0 -0.0 2.3968450477696024e-05 0.0 0.0 0.07555078106146292 -0.726734286902746 0.2541090175199744 1.8948572071319598 0.022864937791835516 0.12925584090771286
4176.648 1.4361326694488525 -0.04493743578066045 -0.4172423521624964 -2.347019974385397 -1.3447049299823206 0.000107858024421148 0.0 0.0 -0.0 2.3968450477696024e-05 0.0 0.0 0.07557516902443896 -0.7267262158583341 0.2541496434991235 1.8947866523114956 0.022880236146022838 0.1293071609715168
4176.656 1.436120629310608 -0.04486543336977178 -0.41726619402040654 -2.347043816243307 -1.3447402159320276 7.190534961409867e-05 0.0 0.0 -0.0 2.3968450477696024e-05 0.0 0.0 0.07555616993742423 -0.7267331453513567 0.25411547574394483 1.8948113085850675 0.02287496998909428 0.12924474682966025
4176.664 1.4360966682434082 -0.044889275227681935 -0.41725427309145147 -2.3469956556903284 -1.3447402159320276 8.388957940042019e-05 0.0 0.0 -0.0 2.3968450477696024e-05 0.0 0.0 0.0755390738664442 -0.726733388507192 0.25411356424975273 1.8948469926549683 0.02283576251951986 0.1292425791123959
4176.672 1.4361087083816528 -0.04486543336977178 -0.41725427309145147 -2.347031895314352 -1.3447402159320276 4.793690095539205e-05 0.0 0.0 -0.0 0.0 0.0 0.0 0.075547409706548 -0.7267350615212865 0.25410662938764134 1.894833762291887 0.022882875002850692 0.12922419630585213
4176.679999999999 1.4361326694488525 -0.04487735429872686 -0.4173019568072718 -2.347019974385397 -1.3447049299823206 8.388957940042019e-05 0.0 0.0 -0.0 0.0 0.0 0.0 0.07557494299306525 -0.726726939197903 0.2541347878645439 1.8947863307805564 0.02290264172792763 0.12929068801932622
4176.688 1.4361087083816528 -0.04490119615663701 -0.4172900358783167 -2.347031895314352 -1.3447163740741175 7.190534961409867e-05 0.0 0.0 -0.0 0.0 0.0 0.0 0.07555465487280796 -0.7267277116065815 0.25414919990354823 1.89476300499986 0.022887100086086673 0.12925155580365214
4176.696 1.436120629310608 -0.04490119615663701 -0.4172423521624964 -2.347019974385397 -1.3446930090533655 9.58738019107841e-05 0.0 0.0 -0.0 0.0 0.0 0.0 0.07556909830078146 -0.7267305357278486 0.25412416692621814 1.8948209303551873 0.022882770322910067 0.12930788880892813
4176.704 1.4361087083816528 -0.044889275227681935 -0.4173019568072718 -2.3470080534564417 -1.3447402159320276 8.388957940042019e-05 0.0 0.0 -0.0 0.0 0.0 0.0 0.07554828934165003 -0.7267282510227152 0.2541392210173843 1.8947882259531657 0.02285604010866913 0.12924096002905747
4176.7119999999995 1.436120629310608 -0.04486543336977178 -0.41721851030458623 -2.347019974385397 -1.3447282950030726 5.992112710373476e-05 0.0 0.0 -0.0 0.0 0.0 0.0 0.075558917001642 -0.7267370606314373 0.25408691469470995 1.8948802997800793 0.02288388821604431 0.12925956941900463
4176.72 1.4361087083816528 -0.04490119615663701 -0.4172423521624964 -2.347043816243307 -1.3447282950030726 8.388957940042019e-05 0.0 0.0 -0.0 0.0 0.0 0.0 0.07555094852488337 -0.7267323117848541 0.25412999682167847 1.894799172561727 0.02286232056145694 0.12925427470480652
4176.728 1.4360847473144531 -0.04490119615663701 -0.4172304312335413 -2.347043816243307 -1.3447521368609827 8.388957940042019e-05 0.0 0.0 -0.0 0.0 0.0 0.0 0.07552703772179653 -0.7267357089529247 0.25412393492360374 1.8948120541819433 0.02282165049515442 0.129217305814501
4176.736 1.4361087083816528 -0.0448535124408167 -0.4172423521624964 -2.347019974385397 -1.3447282950030726 5.992112710373476e-05 0.0 0.0 -0.0 0.0 0.0 0.0 0.07555033292875188 -0.726737025048694 0.25408957100608875 1.894868494390594 0.02287431205804111 0.12924945590807682
4176.744 1.4361087083816528 -0.044889275227681935 -0.4172304312335413 -2.3470080534564417 -1.3447049299823206 9.58738019107841e-05 0.0 0.0 -0.0 0.0 0.0 0.0 0.0755569839370773 -0.7267339163067733 0.2541066063698973 1.8948565872167693 0.022858063553587056 0.12929426776914876
4176.7519999999995 1.436120629310608 -0.04490119615663701 -0.4172781149493616 -2.347031895314352 -1.3447163740741175 5.992112710373476e-05 0.0 0.0 -0.0 0.0 0.0 0.0 0.07556319490433902 -0.7267278825806649 0.25414364027332503 1.8947744137645706 0.022907981468478982 0.12925346251886732
4176.76 1.4361087083816528 -0.044889275227681935 -0.41726619402040654 -2.347031895314352 -1.3447049299823206 5.992112710373476e-05 0.0 0.0 -0.0 0.0 0.0 0.0 0.07555730092565065 -0.7267308138469528 0.2541298586306498 1.8947969659970496 0.022900882519662182 0.12926004577895253
4176.768 1.4361087083816528 -0.04493743578066045 -0.4172900358783167 -2.347043816243307 -1.3447521368609827 8.388957940042019e-05 0.0 0.0 -0.0 0.0 0.0 0.0 0.07554557533988705 -0.7267248719855738 0.2541774610020931 1.8947183593040244 0.022858691606877517 0.1292180871711857
4176.776 1.4361087083816528 -0.04487735429872686 -0.4172781149493616 -2.3470080534564417 -1.3447282950030726 7.190534961409867e-05 0.0 0.0 -0.0 0.0 0.0 0.0 0.07555106292451354 -0.7267313427365625 0.25411988973524857 1.8948221584442784 0.02287014659514974 0.12924990169829767
4176.784 1.436120629310608 -0.04490119615663701 -0.4172781149493616 -2.347031895314352 -1.3447402159320276 9.58738019107841e-05 0.0 0.0 -0.0 0.0 0.0 0.0 0.07555682066829172 -0.7267283985174948 0.2541431380907418 1.8947770526312477 0.0228577326471125 0.12925535044374867
4176.7919999999995 1.436120629310608 -0.04492503801454717 -0.41731435457338506 -2.347031895314352 -1.3447282950030726 3.5952674807049334e-05 0.0 0.0 -0.0 0.0 0.0 0.0 0.07556071671572459 -0.7267224684468481 0.2541772164659243 1.894715451330584 0.02293157238623536 0.12921610110790255
4176.8 1.436120629310608 -0.04487735429872686 -0.41720611253847295 -2.347043816243307 -1.3447402159320276 3.5952674807049334e-05 0.0 0.0 -0.0 0.0 0.0 0.0 0.075555716153594 -0.726737338543581 0.25409591785779145 1.8948573165821838 0.022901933521532105 0.12922818258014962
4176.808 1.436120629310608 -0.04487735429872686 -0.41726619402040654 -2.347019974385397 -1.3447282950030726 8.388957940042019e-05 0.0 0.0 -0.0 0.0 0.0 0.0 0.07555957672454823 -0.7267315693625066 0.2541176166963213 1.8948226747938512 0.02287006068445936 0.129266189600437
4176.816 1.4361087083816528 -0.04487735429872686 -0.4172423521624964 -2.347019974385397 -1.3447402159320276 8.388957940042019e-05 0.0 0.0 -0.0 0.0 0.0 0.0 0.07554747988461546 -0.7267348706840215 0.2541062461710528 1.8948466421247119 0.022847133062837692 0.12925067019000291
4176.824 1.4361445903778076 -0.04486543336977178 -0.4172781149493616 -2.3470080534564417 -1.3447521368609827 5.992112710373476e-05 0.0 0.0 -0.0 0.0 0.0 0.0 0.07557059819663316 -0.7267303536784682 0.25411092439250965 1.8948352615032944 0.022897494866532205 0.1292454828383091
4176.831999999999 1.436120629310608 -0.04487735429872686 -0.4171941916095179 -2.347019974385397 -1.3447402159320276 8.388957940042019e-05 0.0 0.0 -0.0 0.0 0.0 0.0 0.07555564567194811 -0.7267382975595492 0.2540837848112074 1.8948939679538508 0.022851295708525756 0.12926666554468896
4176.84 1.436120629310608 -0.04487735429872686 -0.4172423521624964 -2.347019974385397 -1.3447163740741175 3.5952674807049334e-05 0.0 0.0 -0.0 0.0 0.0 0.0 0.07556251746511394 -0.7267334541337146 0.2541067484515168 1.8948437279810237 0.022920030781696618 0.12924874087359928
4176.848 1.4360966682434082 -0.044889275227681935 -0.41726619402040654 -2.347019974385397 -1.3447163740741175 7.190534961409867e-05 0.0 0.0 -0.0 0.0 0.0 0.0 0.07554551765077847 -0.7267319153311875 0.254126330920195 1.8948096218292925 0.022868613413337027 0.1292511031382728
4176.856 1.436120629310608 -0.04490119615663701 -0.41726619402040654 -2.3470080534564417 -1.3447282950030726 5.992112710373476e-05 0.0 0.0 -0.0 0.0 0.0 0.0 0.07555993716400028 -0.7267291006271361 0.25413125624793603 1.894810196952843 0.02289464975198873 0.12924799868362968
4176.864 1.4360966682434082 -0.044913593922750294 -0.4172781149493616 -2.3470080534564417 -1.3447049299823206 8.388957940042019e-05 0.0 0.0 -0.0 0.0 0.0 0.0 0.07554906773758363 -0.72672807892037 0.2541461096567434 1.8947854923059901 0.02286876356181596 0.129266220003702
4176.871999999999 1.4361087083816528 -0.04486543336977178 -0.41725427309145147 -2.3470080534564417 -1.3447163740741175 5.992112710373476e-05 0.0 0.0 -0.0 0.0 0.0 0.0 0.07555383658616335 -0.7267344338062287 0.2541005583968825 1.89485609061754 0.02288425310690863 0.12925884412217167
4176.88 1.4361087083816528 -0.04487735429872686 -0.4172900358783167 -2.3470080534564417 -1.3447402159320276 8.388957940042019e-05 0.0 0.0 -0.0 0.0 0.0 0.0 0.07554799901920206 -0.7267305291461811 0.2541251982883825 1.8948115950135962 0.02285246341225628 0.12924481438835855
4176.888 1.4361087083816528 -0.04487735429872686 -0.4172423521624964 -2.347055737172262 -1.3447049299823206 9.58738019107841e-05 0.0 0.0 -0.0 0.0 0.0 0.0 0.0755568348126172 -0.7267342748518681 0.2541168494255691 1.8948098359237322 0.022864955120009262 0.12928645089198004
4176.896 1.4360966682434082 -0.044913593922750294 -0.4172304312335413 -2.347043816243307 -1.3447163740741175 8.388957940042019e-05 0.0 0.0 -0.0 0.0 0.0 0.0 0.07554543624238896 -0.7267327801976545 0.2541334898818607 1.8947978567677364 0.022859126137224177 0.1292573427748252
4176.9039999999995 1.4361087083816528 -0.044889275227681935 -0.4172423521624964 -2.3470080534564417 -1.3447163740741175 9.58738019107841e-05 0.0 0.0 -0.0 0.0 0.0 0.0 0.07555404749892189 -0.7267330926523118 0.2541119249433391 1.8948455972954261 0.02285205548784676 0.12928147005738724
4176.912 1.4360966682434082 -0.04486543336977178 -0.41726619402040654 -2.347043816243307 -1.3447402159320276 7.190534961409867e-05 0.0 0.0 -0.0 0.0 0.0 0.0 0.07553875661399895 -0.7267349555492011 0.25411547574394483 1.8948110613650313 0.022852262851744774 0.129228427581154
4176.92 1.436120629310608 -0.04487735429872686 -0.41725427309145147 -2.347043816243307 -1.3447282950030726 0.000107858024421148 0.0 0.0 -0.0 0.0 0.0 0.0 0.07555940091347907 -0.7267327524997622 0.25411863028117676 1.8948117775931461 0.022849060722237087 0.1292805778566403
4176.928 1.4360966682434082 -0.04490119615663701 -0.41721851030458623 -2.347019974385397 -1.3447402159320276 7.190534961409867e-05 0.0 0.0 -0.0 0.0 0.0 0.0 0.07553881762653626 -0.7267355103126485 0.25411205302097467 1.8948461174385558 0.02284716308728502 0.12923439799587133
4176.936 1.4360966682434082 -0.04490119615663701 -0.4172781149493616 -2.347031895314352 -1.3447282950030726 7.190534961409867e-05 0.0 0.0 -0.0 0.0 0.0 0.0 0.07554259458475171 -0.7267299508569136 0.2541433891759768 1.8947752874145138 0.022865825640341626 0.12923400578649646
4176.9439999999995 1.4361087083816528 -0.04486543336977178 -0.4172781149493616 -2.347043816243307 -1.3447163740741175 7.190534961409867e-05 0.0 0.0 -0.0 0.0 0.0 0.0 0.0755540040525498 -0.7267324586745673 0.25412153765790163 1.8947980562200153 0.022881635800252702 0.12925727731694026
4176.952 1.4361087083816528 -0.04490119615663701 -0.41725427309145147 -2.347031895314352 -1.3447163740741175 5.992112710373476e-05 0.0 0.0 -0.0 0.0 0.0 0.0 0.07555428516392121 -0.7267309265273706 0.25413252097430955 1.8947976586163302 0.022893152642212592 0.12924924309537833
4176.96 1.436120629310608 -0.0448535124408167 -0.41726619402040654 -2.3469956556903284 -1.3447282950030726 3.5952674807049334e-05 0.0 0.0 -0.0 0.0 0.0 0.0 0.07555929634592168 -0.7267338676810319 0.2540939857134658 1.894868297861174 0.02290830680423667 0.1292413149722149
4176.968 1.4361087083816528 -0.04487735429872686 -0.41725427309145147 -2.347043816243307 -1.3447402159320276 4.793690095539205e-05 0.0 0.0 -0.0 0.0 0.0 0.0 0.07554755045678939 -0.7267339110899319 0.254118379171401 1.894810388821667 0.022886419094320834 0.12922034845644523
4176.976 1.4360847473144531 -0.044913593922750294 -0.41725427309145147 -2.347031895314352 -1.3447163740741175 7.190534961409867e-05 0.0 0.0 -0.0 0.0 0.0 0.0 0.07553704570819453 -0.7267314818312903 0.25414132257560096 1.8947856566823935 0.022860978241847 0.1292391047259301
4176.9839999999995 1.4361326694488525 -0.044913593922750294 -0.41726619402040654 -2.347019974385397 -1.3447163740741175 7.190534961409867e-05 0.0 0.0 -0.0 0.0 0.0 0.0 0.07557202164632001 -0.7267267337272771 0.2541435955868067 1.8947861551640641 0.02290642413864923 0.12927173682311566
4176.992 1.4360966682434082 -0.04492503801454717 -0.4172423521624964 -2.347019974385397 -1.3447402159320276 4.793690095539205e-05 0.0 0.0 -0.0 0.0 0.0 0.0 0.0755393982626914 -0.7267309545338902 0.2541400986277152 1.8947985841266666 0.0228770179476683 0.12921036445637468
4177.0 1.4360966682434082 -0.04487735429872686 -0.41725427309145147 -2.347055737172262 -1.3447402159320276 5.992112710373476e-05 0.0 0.0 -0.0 0.0 0.0 0.0 0.07553877417061017 -0.7267348764511672 0.2541216658175521 1.894798974169668 0.022865392014660233 0.1292183674056472
4177.008 1.4361087083816528 -0.04487735429872686 -0.4172304312335413 -2.347043816243307 -1.3447282950030726 5.992112710373476e-05 0.0 0.0 -0.0 0.0 0.0 0.0 0.07555049117685919 -0.7267357959478997 0.2541075108615664 1.8948334313684752 0.022879634830958683 0.1292437099224339
4177.016 1.436120629310608 -0.0448535124408167 -0.4172423521624964 -2.347019974385397 -1.3447402159320276 8.388957940042019e-05 0.0 0.0 -0.0 0.0 0.0 0.0 0.07555580918712977 -0.7267363822941755 0.25408931985561767 1.8948701356913795 0.0228548090747845 0.12926259843831436
4177.023999999999 1.4361087083816528 -0.044889275227681935 -0.4172781149493616 -2.347019974385397 -1.3447282950030726 8.388957940042019e-05 0.0 0.0 -0.0 0.0 0.0 0.0 0.07555120370179057 -0.7267301921069865 0.2541316394618212 1.8947991827226955 0.02286234034576879 0.12925421611385265
4177.032 1.436120629310608 -0.044913593922750294 -0.41725427309145147 -2.3470080534564417 -1.3447282950030726 8.388957940042019e-05 0.0 0.0 -0.0 0.0 0.0 0.0 0.07555998771860974 -0.726728917351606 0.2541344981935335 1.8948105237727233 0.022872065283087037 0.1292642917067825
4177.04 1.4361087083816528 -0.04494935670961553 -0.4172304312335413 -2.3470080534564417 -1.3447402159320276 7.190534961409867e-05 0.0 0.0 -0.0 0.0 0.0 0.0 0.07554839218043741 -0.726728599142862 0.2541485169989121 1.894799037811795 0.022865920458798466 0.12923489594975487
4177.048 1.4361445903778076 -0.04490119615663701 -0.4172423521624964 -2.347031895314352 -1.3447163740741175 5.992112710373476e-05 0.0 0.0 -0.0 0.0 0.0 0.0 0.07558023849174382 -0.7267292865343186 0.2541269613055189 1.894809712005225 0.022925390863619853 0.129275631273166
4177.056 1.4361087083816528 -0.04487735429872686 -0.4172781149493616 -2.347019974385397 -1.3447402159320276 7.190534961409867e-05 0.0 0.0 -0.0 0.0 0.0 0.0 0.07554784949476337 -0.7267316564876164 0.2541229252629452 1.8948111930005784 0.022863781980267988 0.12923665907694185
4177.063999999999 1.4360847473144531 -0.04486543336977178 -0.41726619402040654 -2.347043816243307 -1.3447163740741175 9.58738019107841e-05 0.0 0.0 -0.0 0.0 0.0 0.0 0.0755364675050065 -0.7267353402996192 0.25411597797555413 1.8948102879578557 0.022834461074210815 0.12925923218408958
4177.072 1.4361087083816528 -0.0448535124408167 -0.4172423521624964 -2.347031895314352 -1.3446930090533655 8.388957940042019e-05 0.0 0.0 -0.0 0.0 0.0 0.0 0.0755597404526904 -0.7267363174796274 0.2540936010930146 1.8948554619337987 0.02287731444650894 0.12929728463593404
4177.08 1.4360847473144531 -0.04487735429872686 -0.41725427309145147 -2.3470080534564417 -1.3447282950030726 8.388957940042019e-05 0.0 0.0 -0.0 0.0 0.0 0.0 0.07553340318692384 -0.7267352955973789 0.2541087703712657 1.894845676234785 0.02283255600185573 0.12924564429794536
4177.088 1.4361087083816528 -0.04490119615663701 -0.41725427309145147 -2.347031895314352 -1.3447163740741175 5.992112710373476e-05 0.0 0.0 -0.0 0.0 0.0 0.0 0.07555428516392121 -0.7267309265273706 0.25413252097430955 1.8947976586163302 0.022893152642212592 0.12924924309537833
